6.46852856e-01 -5.68492617e-03 -4.70530314e-04 6.94785211e-03 -2.98302214e-03 -3.65442987e-02 1.77368897e-01 1.87180557e-01 4.91902822e-03 -4.56723439e-03
-5.68492617e-03 2.40704155e-03 -3.16469445e-04 8.31605423e-05 -1.19717796e-04 6.40017619e-04 -8.00930019e-04 -1.48082281e-03 5.71347992e-05 -1.12877014e-03
-4.70530314e-04 -3.16469445e-04 4.85276184e-04 -1.01880410e-04 1.66578304e-04 1.29887760e-04 -3.62954011e-04 -9.71443190e-05 2.52720344e-04 3.47998585e-04
6.94785211e-03 8.31605423e-05 -1.01880410e-04 6.68716029e-04 -7.96833180e-05 -3.85477033e-04 2.37513511e-03 2.31387015e-03 1.63184254e-04 -2.34285426e-04
-2.98302214e-03 -1.19717796e-04 1.66578304e-04 -7.96833180e-05 5.53835407e-04 1.96976099e-04 -1.28666964e-03 -1.18551663e-03 -2.22083501e-04 1.91259494e-04
-3.65442987e-02 6.40017619e-04 1.29887760e-04 -3.85477033e-04 1.96976099e-04 3.12313309e-03 -1.07709814e-02 -1.10268378e-02 -1.36185654e-04 3.50057286e-04
1.77368897e-01 -8.00930019e-04 -3.62954011e-04 2.37513511e-03 -1.28666964e-03 -1.07709814e-02 5.46788694e-02 5.70737899e-02 1.27707959e-03 -1.66068483e-03
1.87180557e-01 -1.48082281e-03 -9.71443190e-05 2.31387015e-03 -1.18551663e-03 -1.10268378e-02 5.70737899e-02 6.08948599e-02 1.72047453e-03 -1.23668951e-03
4.91902822e-03 5.71347992e-05 2.52720344e-04 1.63184254e-04 -2.22083501e-04 -1.36185654e-04 1.27707959e-03 1.72047453e-03 9.12926996e-04 1.89656976e-05
-4.56723439e-03 -1.12877014e-03 3.47998585e-04 -2.34285426e-04 1.91259494e-04 3.50057286e-04 -1.66068483e-03 -1.23668951e-03 1.89656976e-05 1.17593208e-03
