3.42797000e-01 3.29284321e-01 3.87190407e-03 3.42044429e-03 -3.82972672e-03 -2.83848336e-02 1.21336132e-01 1.24481750e-01 -9.48858524e-03 1.05326024e-02
3.29284321e-01 5.26103481e-01 6.05292267e-03 4.01271949e-03 -8.16287223e-03 -3.84600588e-02 1.56604264e-01 1.65896310e-01 2.81617599e-02 -3.64361640e-02
3.87190407e-03 6.05292267e-03 2.07138830e-04 6.15918320e-05 -7.09590091e-05 -3.85926369e-04 1.69600753e-03 1.83155122e-03 1.99838473e-04 -1.17375450e-04
3.42044429e-03 4.01271949e-03 6.15918320e-05 2.23498597e-04 -1.85255182e-05 -2.35733236e-04 1.50661749e-03 1.52313812e-03 2.30578059e-05 3.22703657e-05
-3.82972672e-03 -8.16287223e-03 -7.09590091e-05 -1.85255182e-05 2.77456014e-04 5.30647429e-04 -2.28074431e-03 -2.42653583e-03 -7.33500867e-04 9.75943872e-04
-2.83848336e-02 -3.84600588e-02 -3.85926369e-04 -2.35733236e-04 5.30647429e-04 3.59989513e-03 -1.35173024e-02 -1.41020073e-02 -8.75304890e-04 1.41490426e-03
1.21336132e-01 1.56604264e-01 1.69600753e-03 1.50661749e-03 -2.28074431e-03 -1.35173024e-02 5.58626799e-02 5.80018211e-02 3.12456855e-03 -4.51446385e-03
1.24481750e-01 1.65896310e-01 1.83155122e-03 1.52313812e-03 -2.42653583e-03 -1.41020073e-02 5.80018211e-02 6.06563054e-02 4.34989494e-03 -5.86996997e-03
-9.48858524e-03 2.81617599e-02 1.99838473e-04 2.30578059e-05 -7.33500867e-04 -8.75304890e-04 3.12456855e-03 4.34989494e-03 9.92697321e-03 -1.19120970e-02
1.05326024e-02 -3.64361640e-02 -1.17375450e-04 3.22703657e-05 9.75943872e-04 1.41490426e-03 -4.51446385e-03 -5.86996997e-03 -1.19120970e-02 1.49554354e-02
