2.12176244e-01 -9.03692239e-03 8.17551049e-05 3.27822700e-03 -5.26659921e-04 -1.23951461e-02 6.24550292e-02 6.54824740e-02 1.15013631e-03 -7.45978134e-04
-9.03692239e-03 1.75843845e-03 -2.22108160e-04 -5.70202979e-05 -8.78197095e-06 8.73770689e-04 -2.37927689e-03 -3.13501933e-03 -2.24823740e-04 -6.08131119e-04
8.17551049e-05 -2.22108160e-04 6.17429283e-04 -4.57911257e-05 2.06136292e-04 1.90487735e-04 -5.54723214e-05 2.32035863e-04 3.20945836e-04 3.50437111e-04
3.27822700e-03 -5.70202979e-05 -4.57911257e-05 8.05747987e-04 -5.83211808e-05 -2.50558689e-04 1.34420901e-03 1.14902964e-03 1.69821285e-04 -1.97987198e-04
-5.26659921e-04 -8.78197095e-06 2.06136292e-04 -5.83211808e-05 6.97973159e-04 8.61654046e-05 -4.68406581e-04 -2.52436425e-04 -2.30505106e-04 1.76751007e-04
-1.23951461e-02 8.73770689e-04 1.90487735e-04 -2.50558689e-04 8.61654046e-05 1.90820808e-03 -3.88533025e-03 -3.57709414e-03 7.95038406e-05 2.18756244e-04
6.24550292e-02 -2.37927689e-03 -5.54723214e-05 1.34420901e-03 -4.68406581e-04 -3.88533025e-03 2.18720741e-02 2.22530556e-02 9.48031562e-05 -3.97513632e-04
6.54824740e-02 -3.13501933e-03 2.32035863e-04 1.14902964e-03 -2.52436425e-04 -3.57709414e-03 2.22530556e-02 2.44444420e-02 5.54351650e-04 1.67285078e-04
1.15013631e-03 -2.24823740e-04 3.20945836e-04 1.69821285e-04 -2.30505106e-04 7.95038406e-05 9.48031562e-05 5.54351650e-04 1.04011353e-03 2.24779047e-04
-7.45978134e-04 -6.08131119e-04 3.50437111e-04 -1.97987198e-04 1.76751007e-04 2.18756244e-04 -3.97513632e-04 1.67285078e-04 2.24779047e-04 1.11805100e-03
