1.26549850e+00 1.16851707e+00 5.54090663e-02 -3.31770462e-04 -1.58070528e-02 -6.04939649e-02 3.98935783e-01 4.14237210e-01 -2.71319429e-01 2.83584677e-01
1.16851707e+00 1.27842499e+00 5.56469518e-02 1.19542333e-03 -1.44951016e-02 -6.11954078e-02 3.94991296e-01 4.11482989e-01 -2.51807475e-01 2.64863011e-01
5.54090663e-02 5.56469518e-02 5.32445248e-03 3.31103920e-04 -4.68519148e-04 -2.68645308e-03 1.84318529e-02 1.92444090e-02 -1.84356789e-02 2.02284196e-02
-3.31770462e-04 1.19542333e-03 3.31103920e-04 1.00020841e-03 3.87779619e-04 3.82050639e-04 -4.88244025e-05 1.55897262e-04 -1.56651667e-03 2.29942852e-03
-1.58070528e-02 -1.44951016e-02 -4.68519148e-04 3.87779619e-04 1.86345807e-03 1.46671501e-03 -4.69240137e-03 -5.52324887e-03 3.04560820e-03 -2.89927366e-03
-6.04939649e-02 -6.11954078e-02 -2.68645308e-03 3.82050639e-04 1.46671501e-03 4.48965461e-03 -2.06089951e-02 -2.17417905e-02 1.24626437e-02 -1.26530405e-02
3.98935783e-01 3.94991296e-01 1.84318529e-02 -4.88244025e-05 -4.69240137e-03 -2.06089951e-02 1.35016752e-01 1.39433703e-01 -9.07706857e-02 9.51807875e-02
4.14237210e-01 4.11482989e-01 1.92444090e-02 1.55897262e-04 -5.52324887e-03 -2.17417905e-02 1.39433703e-01 1.44999954e-01 -9.38530898e-02 9.85176455e-02
-2.71319429e-01 -2.51807475e-01 -1.84356789e-02 -1.56651667e-03 3.04560820e-03 1.24626437e-02 -9.07706857e-02 -9.38530898e-02 8.67486636e-02 -9.24282036e-02
2.83584677e-01 2.64863011e-01 2.02284196e-02 2.29942852e-03 -2.89927366e-03 -1.26530405e-02 9.51807875e-02 9.85176455e-02 -9.24282036e-02 9.95996729e-02
