1.52486244e-02 6.81202407e-03 4.87487582e-04 -2.10956782e-04 -5.81448432e-04 -5.33084774e-04 1.76521310e-03 1.92216630e-03 -3.57319744e-03 3.69473702e-03
6.81202407e-03 1.55691555e-01 1.12620815e-02 -1.31161765e-03 -1.00830068e-03 -1.92012989e-03 8.81976030e-03 9.10890344e-03 -2.89585010e-02 2.83151294e-02
4.87487582e-04 1.12620815e-02 1.91274760e-03 -3.28831278e-04 1.12609804e-04 -2.66710532e-04 4.90680541e-04 5.47902459e-04 -2.66160650e-03 2.85663908e-03
-2.10956782e-04 -1.31161765e-03 -3.28831278e-04 6.44508376e-04 3.18883551e-04 1.40993375e-04 4.74414562e-05 1.98761359e-04 3.60097966e-04 -4.06235237e-05
-5.81448432e-04 -1.00830068e-03 1.12609804e-04 3.18883551e-04 1.39789144e-03 4.29880686e-04 3.51134747e-04 -1.42558067e-04 1.22816268e-04 1.06700744e-04
-5.33084774e-04 -1.92012989e-03 -2.66710532e-04 1.40993375e-04 4.29880686e-04 7.71355980e-04 3.22794108e-05 -1.44184488e-04 2.46639259e-04 -1.21335332e-04
1.76521310e-03 8.81976030e-03 4.90680541e-04 4.74414562e-05 3.51134747e-04 3.22794108e-05 1.31837479e-03 8.93077322e-04 -2.12379348e-03 2.19129836e-03
1.92216630e-03 9.10890344e-03 5.47902459e-04 1.98761359e-04 -1.42558067e-04 -1.44184488e-04 8.93077322e-04 1.07088309e-03 -1.96982975e-03 2.06605708e-03
-3.57319744e-03 -2.89585010e-02 -2.66160650e-03 3.60097966e-04 1.22816268e-04 2.46639259e-04 -2.12379348e-03 -1.96982975e-03 8.92804831e-03 -8.67524169e-03
3.69473702e-03 2.83151294e-02 2.85663908e-03 -4.06235237e-05 1.06700744e-04 -1.21335332e-04 2.19129836e-03 2.06605708e-03 -8.67524169e-03 8.96802053e-03
