8.13162181e-02 -4.67600303e-02 -3.85897398e-04 1.34733998e-03 -3.31312453e-04 -3.70530799e-03 2.09846039e-02 2.31613691e-02 6.28637659e-03 -5.66605576e-03
-4.67600303e-02 2.82791838e-02 5.24849610e-04 -6.51198055e-04 -3.23643729e-05 2.19067659e-03 -1.22902090e-02 -1.33802973e-02 -3.87681802e-03 3.01734923e-03
-3.85897398e-04 5.24849610e-04 5.10198603e-04 1.87327560e-04 -1.53421956e-04 6.58105522e-05 -4.77496711e-04 -1.61091099e-04 -3.42610095e-04 -3.25856287e-04
1.34733998e-03 -6.51198055e-04 1.87327560e-04 5.28654474e-04 -8.09040189e-05 -1.69159477e-04 1.08158214e-04 3.74479000e-04 -2.12713487e-04 -3.23596328e-04
-3.31312453e-04 -3.23643729e-05 -1.53421956e-04 -8.09040189e-05 5.70194725e-04 2.13533020e-04 3.44025498e-04 -1.03507023e-04 1.32825246e-04 5.98970714e-04
-3.70530799e-03 2.19067659e-03 6.58105522e-05 -1.69159477e-04 2.13533020e-04 1.07836290e-03 -4.85758657e-04 -1.08120440e-03 -5.42583654e-04 8.30321460e-04
2.09846039e-02 -1.22902090e-02 -4.77496711e-04 1.08158214e-04 3.44025498e-04 -4.85758657e-04 7.53198463e-03 5.89101015e-03 2.14584664e-03 -5.31466537e-04
2.31613691e-02 -1.33802973e-02 -1.61091099e-04 3.74479000e-04 -1.03507023e-04 -1.08120440e-03 5.89101015e-03 7.58254148e-03 2.15348998e-03 -1.41259891e-03
6.28637659e-03 -3.87681802e-03 -3.42610095e-04 -2.12713487e-04 1.32825246e-04 -5.42583654e-04 2.14584664e-03 2.15348998e-03 1.61960831e-03 8.35429673e-06
-5.66605576e-03 3.01734923e-03 -3.25856287e-04 -3.23596328e-04 5.98970714e-04 8.30321460e-04 -5.31466537e-04 -1.41259891e-03 8.35429673e-06 1.89692108e-03
