1.50155396e-01 8.62865857e-02 1.03750807e-03 -9.21339979e-04 -1.23502066e-03 -4.15431383e-03 2.20001358e-02 2.16949576e-02 -4.26245011e-03 2.90251487e-03
8.62865857e-02 8.22913009e-02 1.52800892e-03 -7.52479302e-04 -1.10185222e-03 -2.54275353e-03 1.53590979e-02 1.51105433e-02 3.36413180e-03 -4.54760277e-03
1.03750807e-03 1.52800892e-03 7.18173518e-04 2.73304153e-04 -2.53612568e-04 7.62831080e-06 -2.68382031e-04 2.45839514e-04 -2.17442107e-04 -6.43889575e-04
-9.21339979e-04 -7.52479302e-04 2.73304153e-04 7.17156210e-04 -7.13381500e-05 -9.95417168e-05 -4.15584668e-04 -1.29051580e-04 -4.35661351e-04 -2.72600969e-04
-1.23502066e-03 -1.10185222e-03 -2.53612568e-04 -7.13381500e-05 6.71562017e-04 3.39448324e-04 4.05243055e-04 -1.72580002e-04 3.33348560e-04 6.20693660e-04
-4.15431383e-03 -2.54275353e-03 7.62831080e-06 -9.95417168e-05 3.39448324e-04 1.19616843e-03 4.24596817e-05 -4.39070649e-04 -1.41962555e-05 5.00275300e-04
2.20001358e-02 1.53590979e-02 -2.68382031e-04 -4.15584668e-04 4.05243055e-04 4.24596817e-05 6.13173815e-03 3.22338053e-03 3.79821985e-04 1.27106830e-03
2.16949576e-02 1.51105433e-02 2.45839514e-04 -1.29051580e-04 -1.72580002e-04 -4.39070649e-04 3.22338053e-03 4.50004947e-03 1.66971695e-05 2.14923518e-04
-4.26245011e-03 3.36413180e-03 -2.17442107e-04 -4.35661351e-04 3.33348560e-04 -1.41962555e-05 3.79821985e-04 1.66971695e-05 2.52409840e-03 -4.32112822e-04
2.90251487e-03 -4.54760277e-03 -6.43889575e-04 -2.72600969e-04 6.20693660e-04 5.00275300e-04 1.27106830e-03 2.14923518e-04 -4.32112822e-04 3.07241934e-03
