6.61941271e-01 -7.43878342e-01 -2.50193264e-02 7.94869540e-04 4.65305583e-03 3.33921145e-03 -1.30530573e-02 -6.59172504e-03 5.05024533e-02 -5.43605847e-02
-7.43878342e-01 8.40677320e-01 2.83422822e-02 -9.59177007e-04 -5.49287767e-03 -4.02760703e-03 1.50827909e-02 8.05302755e-03 -5.77240096e-02 6.15004628e-02
-2.50193264e-02 2.83422822e-02 1.26553348e-03 7.41066165e-05 -2.99647116e-04 -1.60128025e-04 3.05306878e-04 3.51241349e-04 -2.08405991e-03 1.89648669e-03
7.94869540e-04 -9.59177007e-04 7.41066165e-05 3.09199872e-04 4.00940059e-05 1.17130139e-05 -1.06784780e-04 7.29844001e-05 8.16088307e-05 -1.84523444e-04
4.65305583e-03 -5.49287767e-03 -2.99647116e-04 4.00940059e-05 4.40936258e-04 2.71040039e-04 1.26534845e-04 -4.01180149e-06 7.02980961e-04 -1.45366289e-04
3.33921145e-03 -4.02760703e-03 -1.60128025e-04 1.17130139e-05 2.71040039e-04 5.88883985e-04 1.16864013e-04 1.31356110e-05 3.03204323e-04 -4.33716144e-05
-1.30530573e-02 1.50827909e-02 3.05306878e-04 -1.06784780e-04 1.26534845e-04 1.16864013e-04 1.36667692e-03 3.22423634e-04 -6.64109880e-04 1.60042515e-03
-6.59172504e-03 8.05302755e-03 3.51241349e-04 7.29844001e-05 -4.01180149e-06 1.31356110e-05 3.22423634e-04 8.65663109e-04 -2.08720984e-04 4.99320200e-04
5.05024533e-02 -5.77240096e-02 -2.08405991e-03 8.16088307e-05 7.02980961e-04 3.03204323e-04 -6.64109880e-04 -2.08720984e-04 5.45681054e-03 -4.54112205e-03
-5.43605847e-02 6.15004628e-02 1.89648669e-03 -1.84523444e-04 -1.45366289e-04 -4.33716144e-05 1.60042515e-03 4.99320200e-04 -4.54112205e-03 6.22747539e-03
