          	      Aprime      nprime         r^2Reduced mass       500 K      1500 K
C6H6+BIN 1	     2619.78    -1.96988           1   0.0126359  0.00145121
C6H6+BIN 2	     2412.75    -1.97126           1    0.011538  0.00132312
C6H6+BIN 3	     2295.21    -1.97206           1   0.0109214  0.00125131
C6H6+BIN 4	     2236.32    -1.97247           1   0.0106143  0.00121558
C6H6+BIN 5	     2197.74    -1.97274           1   0.0104138  0.00119226
C6H6+BIN 6	     2161.73    -1.97299           1   0.0102271  0.00117056
C6H6+BIN 7	     2119.24    -1.97329           1   0.0100074  0.00114505
C6H6+BIN 8	     2063.46    -1.97369           1  0.00972002  0.00111167
C6H6+BIN 9	     1995.15    -1.97418           1  0.00936956  0.00107101
C6H6+BIN10	     1915.64    -1.97476           1  0.00896378  0.00102398
C6H6+BIN11	     1827.33    -1.97542           1  0.00851582 0.000972105
C6H6+BIN12	     1733.02    -1.97613           1  0.00804062  0.00091714
C6H6+BIN13	     1635.49    -1.97688           1  0.00755264 0.000860767
C6H6+BIN14	     1540.97    -1.97763           1  0.00708321 0.000806605
C6H6+BIN15	     1443.77    -1.97842           1    0.006604 0.000751384
C6H6+BIN16	     1349.35     -1.9792           1  0.00614211 0.000698229
C6H6+BIN17	     1258.88    -1.97998           1  0.00570282 0.000647741
C6H6+BIN18	     1173.11    -1.98073           1  0.00528941 0.000600287
C6H6+BIN19	     1092.47    -1.98146           1  0.00490351 0.000556046
C6H6+BIN20	     1017.15    -1.98216           1  0.00454556 0.000515057
C6H6+BIN21	     947.153    -1.98284           1  0.00421509 0.000477259
C6H6+BIN22	     882.344    -1.98348           1  0.00391106 0.000442522
C6H6+BIN23	     822.506    -1.98409           1  0.00363202 0.000410675
C6H6+BIN24	     767.361    -1.98467           1  0.00337633 0.000381521
C7H8+BIN 1	     2961.18    -1.96769           1   0.0144785  0.00166685
C7H8+BIN 2	     2755.92      -1.969           1   0.0133659  0.00153654
C7H8+BIN 3	     2646.13    -1.96971           1   0.0127767  0.00146766
C7H8+BIN 4	     2599.29    -1.97002           1   0.0125265  0.00143844
C7H8+BIN 5	     2572.97    -1.97019           1   0.0123863  0.00142207
C7H8+BIN 6	     2546.48    -1.97037           1   0.0122455  0.00140563
C7H8+BIN 7	        2510    -1.97061           1   0.0120519  0.00138304
C7H8+BIN 8	     2456.51    -1.97097           1   0.0117689  0.00135003
C7H8+BIN 9	     2386.38    -1.97144           1   0.0113993  0.00130695
C7H8+BIN10	     2301.18    -1.97202           1   0.0109526  0.00125494
C7H8+BIN11	     2203.82     -1.9727           1   0.0104454  0.00119594
C7H8+BIN12	     2097.74    -1.97345           1  0.00989651  0.00113216
C7H8+BIN13	     1986.37    -1.97424           1  0.00932465  0.00106581
C7H8+BIN14	     1877.21    -1.97505           1  0.00876848  0.00100136
C7H8+BIN15	      1763.9    -1.97589           1  0.00819584 0.000935087
C7H8+BIN16	        1653    -1.97675           1  0.00763999 0.000870853
C7H8+BIN17	     1546.04    -1.97759           1  0.00710827 0.000809495
C7H8+BIN18	     1444.06    -1.97842           1  0.00660546 0.000751552
C7H8+BIN19	     1347.73    -1.97922           1   0.0061342 0.000697319
C7H8+BIN20	     1257.38    -1.97999           1  0.00569552 0.000646902
C7H8+BIN21	     1173.09    -1.98073           1  0.00528931 0.000600275
C7H8+BIN22	     1094.79    -1.98144           1  0.00491458 0.000557314
C7H8+BIN23	     1022.28    -1.98211           1  0.00456986 0.000517838
C7H8+BIN24	     955.274    -1.98276           1  0.00425332  0.00048163
C6H5C2H+BIN 1	     3189.23    -1.96627           1   0.0157316  0.00181394
C6H5C2H+BIN 2	     2987.42    -1.96753           1   0.0146218  0.00168365
C6H5C2H+BIN 3	     2884.92    -1.96817           1   0.0140634  0.00161821
C6H5C2H+BIN 4	     2848.14    -1.96841           1    0.013864  0.00159484
C6H5C2H+BIN 5	     2831.93    -1.96851           1   0.0137762  0.00158457
C6H5C2H+BIN 6	     2813.54    -1.96863           1   0.0136767  0.00157293
C6H5C2H+BIN 7	     2782.59    -1.96883           1   0.0135096  0.00155336
C6H5C2H+BIN 8	     2732.02    -1.96915           1   0.0132372   0.0015215
C6H5C2H+BIN 9	     2661.83    -1.96961           1   0.0128606  0.00147747
C6H5C2H+BIN10	     2573.74    -1.97019           1   0.0123904  0.00142255
C6H5C2H+BIN11	     2471.01    -1.97087           1   0.0118454  0.00135896
C6H5C2H+BIN12	     2357.49    -1.97164           1   0.0112475  0.00128928
C6H5C2H+BIN13	      2237.1    -1.97247           1   0.0106184  0.00121605
C6H5C2H+BIN14	     2118.19     -1.9733           1    0.010002  0.00114441
C6H5C2H+BIN15	     1994.01    -1.97419           1  0.00936373  0.00107034
C6H5C2H+BIN16	     1871.85    -1.97508           1  0.00874129 0.000998207
C6H5C2H+BIN17	     1753.52    -1.97597           1  0.00814363  0.00092905
C6H5C2H+BIN18	     1640.31    -1.97685           1  0.00757667 0.000863542
C6H5C2H+BIN19	     1533.02    -1.97769           1  0.00704388  0.00080207
C6H5C2H+BIN20	     1432.12    -1.97851           1  0.00654681 0.000744799
C6H5C2H+BIN21	     1337.76     -1.9793           1  0.00608561 0.000691732
C6H5C2H+BIN22	     1249.91    -1.98005           1  0.00565945 0.000642759
C6H5C2H+BIN23	      1168.4    -1.98077           1   0.0052668 0.000597693
C6H5C2H+BIN24	     1092.95    -1.98146           1  0.00490578 0.000556305
C6H5C2H3+BIN 1	     3233.42      -1.966           1   0.0159764  0.00184271
C6H5C2H3+BIN 2	     3032.47    -1.96724           1   0.0148683  0.00171257
C6H5C2H3+BIN 3	     2931.57    -1.96788           1   0.0143171  0.00164793
C6H5C2H3+BIN 4	     2896.92     -1.9681           1   0.0141286  0.00162584
C6H5C2H3+BIN 5	     2882.84    -1.96819           1   0.0140522  0.00161689
C6H5C2H3+BIN 6	     2866.18    -1.96829           1   0.0139618   0.0016063
C6H5C2H3+BIN 7	     2836.44    -1.96848           1   0.0138006  0.00158743
C6H5C2H3+BIN 8	     2786.57     -1.9688           1   0.0135311  0.00155588
C6H5C2H3+BIN 9	     2716.47    -1.96925           1   0.0131537  0.00151173
C6H5C2H3+BIN10	     2627.92    -1.96983           1   0.0126793  0.00145629
C6H5C2H3+BIN11	     2524.21    -1.97052           1   0.0121272  0.00139183
C6H5C2H3+BIN12	      2409.3    -1.97129           1   0.0115198    0.001321
C6H5C2H3+BIN13	     2287.18    -1.97212           1   0.0108795  0.00124643
C6H5C2H3+BIN14	     2166.39    -1.97296           1   0.0102512  0.00117337
C6H5C2H3+BIN15	      2040.1    -1.97386           1  0.00959997  0.00109774
C6H5C2H3+BIN16	     1915.74    -1.97476           1  0.00896429  0.00102404
C6H5C2H3+BIN17	     1795.18    -1.97566           1  0.00835346 0.000953318
C6H5C2H3+BIN18	     1679.75    -1.97654           1  0.00777366 0.000886292
C6H5C2H3+BIN19	      1570.3     -1.9774           1  0.00722853 0.000823364
C6H5C2H3+BIN20	     1467.31    -1.97823           1  0.00671972 0.000764712
C6H5C2H3+BIN21	     1370.95    -1.97902           1  0.00624746 0.000710347
C6H5C2H3+BIN22	     1281.21    -1.97978           1  0.00581093 0.000660159
C6H5C2H3+BIN23	     1197.91    -1.98051           1  0.00540862 0.000613964
C6H5C2H3+BIN24	     1120.77     -1.9812           1  0.00503861 0.000571527
XYLENE+BIN 1	     3277.15    -1.96574           1   0.0162194  0.00187129
XYLENE+BIN 2	     3077.12    -1.96697           1   0.0151134  0.00174133
XYLENE+BIN 3	     2977.86    -1.96759           1   0.0145696  0.00167753
XYLENE+BIN 4	     2945.38    -1.96779           1   0.0143924  0.00165675
XYLENE+BIN 5	     2933.47    -1.96787           1   0.0143275  0.00164915
XYLENE+BIN 6	     2918.57    -1.96796           1   0.0142464  0.00163964
XYLENE+BIN 7	     2890.07    -1.96814           1   0.0140914  0.00162149
XYLENE+BIN 8	     2840.94    -1.96845           1    0.013825  0.00159028
XYLENE+BIN 9	     2770.97     -1.9689           1    0.013447  0.00154603
XYLENE+BIN10	     2681.98    -1.96948           1   0.0129686  0.00149009
XYLENE+BIN11	     2577.32    -1.97016           1   0.0124095  0.00142478
XYLENE+BIN12	     2461.05    -1.97094           1   0.0117928  0.00135282
XYLENE+BIN13	     2337.23    -1.97178           1   0.0111413  0.00127691
XYLENE+BIN14	     2214.58    -1.97262           1   0.0105013  0.00120243
XYLENE+BIN15	      2086.2    -1.97353           1  0.00983704  0.00112526
XYLENE+BIN16	     1959.65    -1.97444           1  0.00918813  0.00104998
XYLENE+BIN17	     1836.88    -1.97535           1  0.00856415 0.000977699
XYLENE+BIN18	     1719.25    -1.97624           1  0.00797151 0.000909153
XYLENE+BIN19	     1607.65     -1.9771           1  0.00741402 0.000844767
XYLENE+BIN20	     1502.57    -1.97794           1  0.00689347 0.000784732
XYLENE+BIN21	     1404.23    -1.97874           1  0.00641012 0.000729064
XYLENE+BIN22	     1312.59    -1.97951           1   0.0059632 0.000677658
XYLENE+BIN23	      1227.5    -1.98025           1   0.0055512 0.000630329
XYLENE+BIN24	     1148.67    -1.98095           1  0.00517218 0.000586841
C6H5C2H5+BIN 1	     3277.15    -1.96574           1   0.0162194  0.00187129
C6H5C2H5+BIN 2	     3077.12    -1.96697           1   0.0151134  0.00174133
C6H5C2H5+BIN 3	     2977.86    -1.96759           1   0.0145696  0.00167753
C6H5C2H5+BIN 4	     2945.38    -1.96779           1   0.0143924  0.00165675
C6H5C2H5+BIN 5	     2933.47    -1.96787           1   0.0143275  0.00164915
C6H5C2H5+BIN 6	     2918.57    -1.96796           1   0.0142464  0.00163964
C6H5C2H5+BIN 7	     2890.07    -1.96814           1   0.0140914  0.00162149
C6H5C2H5+BIN 8	     2840.94    -1.96845           1    0.013825  0.00159028
C6H5C2H5+BIN 9	     2770.97     -1.9689           1    0.013447  0.00154603
C6H5C2H5+BIN10	     2681.98    -1.96948           1   0.0129686  0.00149009
C6H5C2H5+BIN11	     2577.32    -1.97016           1   0.0124095  0.00142478
C6H5C2H5+BIN12	     2461.05    -1.97094           1   0.0117928  0.00135282
C6H5C2H5+BIN13	     2337.23    -1.97178           1   0.0111413  0.00127691
C6H5C2H5+BIN14	     2214.58    -1.97262           1   0.0105013  0.00120243
C6H5C2H5+BIN15	      2086.2    -1.97353           1  0.00983704  0.00112526
C6H5C2H5+BIN16	     1959.65    -1.97444           1  0.00918813  0.00104998
C6H5C2H5+BIN17	     1836.88    -1.97535           1  0.00856415 0.000977699
C6H5C2H5+BIN18	     1719.25    -1.97624           1  0.00797151 0.000909153
C6H5C2H5+BIN19	     1607.65     -1.9771           1  0.00741402 0.000844767
C6H5C2H5+BIN20	     1502.57    -1.97794           1  0.00689347 0.000784732
C6H5C2H5+BIN21	     1404.23    -1.97874           1  0.00641012 0.000729064
C6H5C2H5+BIN22	     1312.59    -1.97951           1   0.0059632 0.000677658
C6H5C2H5+BIN23	      1227.5    -1.98025           1   0.0055512 0.000630329
C6H5C2H5+BIN24	     1148.67    -1.98095           1  0.00517218 0.000586841
INDENE+BIN 1	     3489.38    -1.96446           1   0.0174076   0.0020112
INDENE+BIN 2	     3294.66    -1.96563           1   0.0163169  0.00188275
INDENE+BIN 3	     3204.19    -1.96618           1   0.0158144  0.00182367
INDENE+BIN 4	     3183.01    -1.96631           1   0.0156972  0.00180989
INDENE+BIN 5	     3182.41    -1.96632           1   0.0156938   0.0018095
INDENE+BIN 6	     3176.75    -1.96635           1   0.0156626  0.00180582
INDENE+BIN 7	     3154.93    -1.96648           1    0.015542  0.00179166
INDENE+BIN 8	     3109.93    -1.96676           1   0.0152938  0.00176251
INDENE+BIN 9	     3041.11    -1.96719           1   0.0149157  0.00171813
INDENE+BIN10	     2950.41    -1.96776           1   0.0144198  0.00165996
INDENE+BIN11	     2841.49    -1.96845           1   0.0138279  0.00159063
INDENE+BIN12	      2718.8    -1.96924           1   0.0131662  0.00151319
INDENE+BIN13	     2586.89     -1.9701           1   0.0124604  0.00143072
INDENE+BIN14	     2455.27    -1.97098           1   0.0117623  0.00134926
INDENE+BIN15	     2316.72    -1.97192           1   0.0110339   0.0012644
INDENE+BIN16	     2179.52    -1.97287           1   0.0103193  0.00118128
INDENE+BIN17	     2045.88    -1.97382           1  0.00962968  0.00110119
INDENE+BIN18	     1917.42    -1.97475           1  0.00897286  0.00102503
INDENE+BIN19	     1795.19    -1.97566           1  0.00835352 0.000953325
INDENE+BIN20	     1679.82    -1.97654           1  0.00777401 0.000886332
INDENE+BIN21	      1571.6    -1.97739           1  0.00723497 0.000824108
INDENE+BIN22	     1470.57     -1.9782           1  0.00673578 0.000766563
INDENE+BIN23	     1376.59    -1.97897           1  0.00627497 0.000713512
INDENE+BIN24	     1289.38    -1.97971           1  0.00585054 0.000664711
C10H8+BIN 1	        3731    -1.96303           1   0.0187788  0.00217302
C10H8+BIN 2	        3544    -1.96413           1   0.0177159  0.00204754
C10H8+BIN 3	     3465.12     -1.9646           1    0.017271   0.0019951
C10H8+BIN 4	     3458.38    -1.96464           1   0.0172331  0.00199063
C10H8+BIN 5	      3472.2    -1.96456           1   0.0173108  0.00199979
C10H8+BIN 6	     3478.49    -1.96452           1   0.0173462  0.00200397
C10H8+BIN 7	     3465.55     -1.9646           1   0.0172734  0.00199538
C10H8+BIN 8	     3426.44    -1.96483           1   0.0170536  0.00196949
C10H8+BIN 9	     3359.97    -1.96523           1   0.0166813  0.00192564
C10H8+BIN10	     3268.17    -1.96579           1   0.0161695  0.00186541
C10H8+BIN11	     3155.06    -1.96648           1   0.0155427  0.00179174
C10H8+BIN12	     3025.55    -1.96729           1   0.0148304  0.00170812
C10H8+BIN13	     2884.72    -1.96817           1   0.0140624  0.00161808
C10H8+BIN14	     2743.03    -1.96908           1   0.0132965  0.00152843
C10H8+BIN15	     2592.92    -1.97006           1   0.0124926  0.00143448
C10H8+BIN16	     2443.48    -1.97106           1      0.0117    0.001342
C10H8+BIN17	     2297.28    -1.97205           1   0.0109322  0.00125257
C10H8+BIN18	     2156.21    -1.97303           1   0.0101985  0.00116725
C10H8+BIN19	     2021.56    -1.97399           1  0.00950485  0.00108671
C10H8+BIN20	      1894.1    -1.97492           1  0.00885429  0.00101129
C10H8+BIN21	     1774.25    -1.97582           1  0.00824795 0.000941114
C10H8+BIN22	     1662.11    -1.97668           1  0.00768548 0.000876106
C10H8+BIN23	     1557.58     -1.9775           1  0.00716546 0.000816089
C10H8+BIN24	     1460.42    -1.97828           1  0.00668584  0.00076081
C10H7CH3+BIN 1	     3996.87    -1.96149    0.999999   0.0203102  0.00235421
C10H7CH3+BIN 2	     3820.31    -1.96251    0.999999   0.0192906  0.00223352
C10H7CH3+BIN 3	     3756.09    -1.96288           1   0.0189223  0.00218999
C10H7CH3+BIN 4	     3767.12    -1.96282           1   0.0189855  0.00219745
C10H7CH3+BIN 5	     3798.66    -1.96263           1   0.0191663  0.00221882
C10H7CH3+BIN 6	     3819.81    -1.96251    0.999999   0.0192877  0.00223318
C10H7CH3+BIN 7	      3818.2    -1.96252    0.999999   0.0192785  0.00223209
C10H7CH3+BIN 8	     3787.07     -1.9627           1   0.0190998  0.00221097
C10H7CH3+BIN 9	     3724.47    -1.96307           1   0.0187415  0.00216862
C10H7CH3+BIN10	     3632.56    -1.96361           1   0.0182178  0.00210677
C10H7CH3+BIN11	     3515.69     -1.9643           1    0.017556  0.00202869
C10H7CH3+BIN12	     3379.31    -1.96512           1   0.0167895  0.00193838
C10H7CH3+BIN13	     3229.09    -1.96603           1   0.0159524  0.00183989
C10H7CH3+BIN14	     3076.56    -1.96697           1   0.0151103  0.00174096
C10H7CH3+BIN15	     2913.79    -1.96799           1   0.0142204  0.00163659
C10H7CH3+BIN16	      2750.8    -1.96903           1   0.0133383  0.00153332
C10H7CH3+BIN17	     2590.57    -1.97008           1   0.0124801  0.00143302
C10H7CH3+BIN18	     2435.35    -1.97111           1   0.0116571    0.001337
C10H7CH3+BIN19	     2286.65    -1.97212           1   0.0108767  0.00124611
C10H7CH3+BIN20	     2145.48    -1.97311           1    0.010143   0.0011608
C10H7CH3+BIN21	     2012.37    -1.97406           1  0.00945775  0.00108124
C10H7CH3+BIN22	     1887.52    -1.97497           1  0.00882085  0.00100742
C10H7CH3+BIN23	      1770.9    -1.97584           1  0.00823106  0.00093916
C10H7CH3+BIN24	     1662.28    -1.97667           1   0.0076863 0.000876201
C12H8+BIN 1	     4177.31    -1.96046    0.999999   0.0213631  0.00247905
C12H8+BIN 2	     4008.95    -1.96142    0.999999   0.0203804  0.00236252
C12H8+BIN 3	     3955.78    -1.96173    0.999999    0.020072    0.002326
C12H8+BIN 4	     3979.95    -1.96159    0.999999   0.0202121  0.00234258
C12H8+BIN 5	      4024.6    -1.96133    0.999999   0.0204713   0.0023733
C12H8+BIN 6	     4056.85    -1.96115    0.999999    0.020659  0.00239554
C12H8+BIN 7	     4063.86    -1.96111    0.999999   0.0206999  0.00240039
C12H8+BIN 8	     4039.03    -1.96125    0.999999   0.0205553  0.00238325
C12H8+BIN 9	     3979.85    -1.96159    0.999999   0.0202115  0.00234252
C12H8+BIN10	     3888.52    -1.96211    0.999999   0.0196833  0.00227998
C12H8+BIN11	     3769.64     -1.9628           1   0.0189999  0.00219916
C12H8+BIN12	     3629.01    -1.96363           1   0.0181976  0.00210439
C12H8+BIN13	      3472.7    -1.96456           1   0.0173137  0.00200013
C12H8+BIN14	     3312.97    -1.96552           1   0.0164189  0.00189475
C12H8+BIN15	     3141.69    -1.96657           1   0.0154689  0.00178307
C12H8+BIN16	     2969.48    -1.96764           1   0.0145238  0.00167216
C12H8+BIN17	     2799.65    -1.96872           1   0.0136017  0.00156414
C12H8+BIN18	     2634.66    -1.96979           1   0.0127153   0.0014605
C12H8+BIN19	     2476.24    -1.97084           1   0.0118731  0.00136219
C12H8+BIN20	     2325.53    -1.97186           1     0.01108  0.00126977
C12H8+BIN21	     2183.16    -1.97284           1   0.0103381  0.00118347
C12H8+BIN22	     2049.41    -1.97379           1  0.00964781  0.00110329
C12H8+BIN23	     1924.29     -1.9747           1  0.00900783  0.00102908
C12H8+BIN24	      1807.6    -1.97556           1  0.00841615 0.000960571
BIPHENYL+BIN 1	     4212.53    -1.96027    0.999999   0.0215698  0.00250358
BIPHENYL+BIN 2	     4045.86    -1.96121    0.999999    0.020595  0.00238796
BIPHENYL+BIN 3	     3994.95     -1.9615    0.999999   0.0202991  0.00235289
BIPHENYL+BIN 4	     4021.78    -1.96135    0.999999   0.0204549  0.00237136
BIPHENYL+BIN 5	      4069.1    -1.96108    0.999999   0.0207304    0.002404
BIPHENYL+BIN 6	     4103.61    -1.96088    0.999999   0.0209317  0.00242787
BIPHENYL+BIN 7	     4112.39    -1.96083    0.999999    0.020983  0.00243396
BIPHENYL+BIN 8	     4088.87    -1.96097    0.999999   0.0208457  0.00241767
BIPHENYL+BIN 9	     4030.43     -1.9613    0.999999   0.0205052  0.00237732
BIPHENYL+BIN10	     3939.27    -1.96182    0.999999   0.0199765  0.00231468
BIPHENYL+BIN11	     3820.06    -1.96251    0.999999   0.0192891  0.00223335
BIPHENYL+BIN12	     3678.64    -1.96334           1     0.01848  0.00213773
BIPHENYL+BIN13	     3521.17    -1.96427           1   0.0175869  0.00203234
BIPHENYL+BIN14	     3360.05    -1.96523           1   0.0166817  0.00192569
BIPHENYL+BIN15	     3187.12    -1.96629           1   0.0157199  0.00181256
BIPHENYL+BIN16	     3013.11    -1.96737           1   0.0147623  0.00170013
BIPHENYL+BIN17	      2841.4    -1.96845           1   0.0138275  0.00159057
BIPHENYL+BIN18	     2674.49    -1.96953           1   0.0129285   0.0014854
BIPHENYL+BIN19	     2514.16    -1.97058           1   0.0120739  0.00138561
BIPHENYL+BIN20	     2361.56    -1.97161           1   0.0112689  0.00129177
BIPHENYL+BIN21	     2217.36     -1.9726           1   0.0105157  0.00120411
BIPHENYL+BIN22	     2081.85    -1.97356           1  0.00981467  0.00112266
BIPHENYL+BIN23	     1955.05    -1.97447           1  0.00916462  0.00104725
BIPHENYL+BIN24	     1836.76    -1.97535           1  0.00856352 0.000977626
FLUORENE+BIN 1	     4418.07    -1.95911    0.999999   0.0227848  0.00264795
FLUORENE+BIN 2	     4261.97    -1.95999    0.999999   0.0218608  0.00253813
FLUORENE+BIN 3	     4224.85     -1.9602    0.999999   0.0216423  0.00251219
FLUORENE+BIN 4	      4267.9    -1.95995    0.999999   0.0218957  0.00254228
FLUORENE+BIN 5	     4331.39     -1.9596    0.999999   0.0222707  0.00258683
FLUORENE+BIN 6	      4379.7    -1.95933    0.999999   0.0225569  0.00262086
FLUORENE+BIN 7	     4399.38    -1.95922    0.999999   0.0226737  0.00263474
FLUORENE+BIN 8	     4384.06     -1.9593    0.999999   0.0225828  0.00262393
FLUORENE+BIN 9	     4330.43     -1.9596    0.999999    0.022265  0.00258616
FLUORENE+BIN10	     4240.74    -1.96011    0.999999   0.0217357  0.00252328
FLUORENE+BIN11	     4119.89    -1.96079    0.999999   0.0210268  0.00243915
FLUORENE+BIN12	     3974.14    -1.96162    0.999999   0.0201784  0.00233859
FLUORENE+BIN13	      3810.1    -1.96257           1   0.0192319  0.00222659
FLUORENE+BIN14	     3641.01    -1.96356           1   0.0182658  0.00211244
FLUORENE+BIN15	     3458.49    -1.96464           1   0.0172337  0.00199071
FLUORENE+BIN16	     3274.01    -1.96575           1   0.0162019  0.00186923
FLUORENE+BIN17	     3091.28    -1.96688           1   0.0151912  0.00175047
FLUORENE+BIN18	     2913.11    -1.96799           1   0.0142167  0.00163616
FLUORENE+BIN19	      2741.5    -1.96909           1   0.0132882  0.00152747
FLUORENE+BIN20	     2577.78    -1.97016           1   0.0124119  0.00142506
FLUORENE+BIN21	     2422.76     -1.9712           1   0.0115908  0.00132927
FLUORENE+BIN22	     2276.81    -1.97219           1   0.0108253  0.00124013
FLUORENE+BIN23	     2140.01    -1.97315           1   0.0101147  0.00115751
FLUORENE+BIN24	     2012.21    -1.97406           1  0.00945693  0.00108115
C6H5CH2C6H5+BIN 1	     4451.41    -1.95893    0.999999   0.0229832  0.00267156
C6H5CH2C6H5+BIN 2	     4297.12    -1.95979    0.999999   0.0220681  0.00256276
C6H5CH2C6H5+BIN 3	     4262.35    -1.95998    0.999999    0.021863   0.0025384
C6H5CH2C6H5+BIN 4	     4308.13    -1.95973    0.999999   0.0221331  0.00257049
C6H5CH2C6H5+BIN 5	     4374.35    -1.95936    0.999999   0.0225252  0.00261708
C6H5CH2C6H5+BIN 6	        4425    -1.95907    0.999999    0.022826  0.00265285
C6H5CH2C6H5+BIN 7	     4446.53    -1.95895    0.999999   0.0229541   0.0026681
C6H5CH2C6H5+BIN 8	     4432.63    -1.95903    0.999999   0.0228714  0.00265826
C6H5CH2C6H5+BIN 9	     4379.86    -1.95933    0.999999   0.0225579  0.00262097
C6H5CH2C6H5+BIN10	     4290.47    -1.95983    0.999999   0.0220289   0.0025581
C6H5CH2C6H5+BIN11	     4169.41    -1.96051    0.999999   0.0213167  0.00247355
C6H5CH2C6H5+BIN12	        4023    -1.96134    0.999999    0.020462   0.0023722
C6H5CH2C6H5+BIN13	     3857.93    -1.96229    0.999999    0.019507  0.00225912
C6H5CH2C6H5+BIN14	     3687.57    -1.96328           1   0.0185309  0.00214374
C6H5CH2C6H5+BIN15	     3503.51    -1.96437           1   0.0174873  0.00202059
C6H5CH2C6H5+BIN16	     3317.34    -1.96549           1   0.0164432  0.00189762
C6H5CH2C6H5+BIN17	     3132.82    -1.96662           1     0.01542  0.00177733
C6H5CH2C6H5+BIN18	     2952.81    -1.96774           1   0.0144329   0.0016615
C6H5CH2C6H5+BIN19	     2779.35    -1.96885           1   0.0134921  0.00155132
C6H5CH2C6H5+BIN20	     2613.81    -1.96992           1    0.012604  0.00144749
C6H5CH2C6H5+BIN21	     2457.01    -1.97097           1   0.0117715  0.00135033
C6H5CH2C6H5+BIN22	     2309.34    -1.97197           1   0.0109953  0.00125991
C6H5CH2C6H5+BIN23	      2170.9    -1.97293           1   0.0102746  0.00117608
C6H5CH2C6H5+BIN24	     2041.52    -1.97385           1  0.00960729  0.00109859
C14H10+BIN 1	     4614.43    -1.95803    0.999999   0.0239587  0.00278771
C14H10+BIN 2	     4469.41    -1.95883    0.999999   0.0230905  0.00268432
C14H10+BIN 3	     4446.48    -1.95896    0.999999   0.0229538  0.00266806
C14H10+BIN 4	     4506.02    -1.95862    0.999999    0.023309  0.00271033
C14H10+BIN 5	     4585.99    -1.95818    0.999999   0.0237879  0.00276736
C14H10+BIN 6	     4648.45    -1.95784    0.999999   0.0241634   0.0028121
C14H10+BIN 7	     4679.42    -1.95767    0.999999   0.0243501  0.00283436
C14H10+BIN 8	     4672.82    -1.95771    0.999999   0.0243102  0.00282961
C14H10+BIN 9	     4624.57    -1.95797    0.999999   0.0240196  0.00279497
C14H10+BIN10	     4536.94    -1.95845    0.999999   0.0234939  0.00273234
C14H10+BIN11	      4415.1    -1.95913    0.999999   0.0227671  0.00264585
C14H10+BIN12	     4265.66    -1.95997    0.999999   0.0218825  0.00254071
C14H10+BIN13	     4095.68    -1.96093    0.999999   0.0208854  0.00242239
C14H10+BIN14	      3919.2    -1.96194    0.999999   0.0198604  0.00230094
C14H10+BIN15	     3727.66    -1.96305           1   0.0187597  0.00217077
C14H10+BIN16	     3533.21     -1.9642           1   0.0176549  0.00204035
C14H10+BIN17	     3339.92    -1.96535           1   0.0165692  0.00191245
C14H10+BIN18	     3150.89    -1.96651           1   0.0155197  0.00178904
C14H10+BIN19	     2968.35    -1.96765           1   0.0145177  0.00167144
C14H10+BIN20	     2793.83    -1.96876           1   0.0135703  0.00156046
C14H10+BIN21	     2628.24    -1.96983           1    0.012681  0.00145649
C14H10+BIN22	     2472.08    -1.97086           1   0.0118511  0.00135962
C14H10+BIN23	     2325.48    -1.97186           1   0.0110797  0.00126974
C14H10+BIN24	     2188.32    -1.97281           1   0.0103649  0.00118658
C6H5CCC6H5+BIN 1	     4614.43    -1.95803    0.999999   0.0239587  0.00278771
C6H5CCC6H5+BIN 2	     4469.41    -1.95883    0.999999   0.0230905  0.00268432
C6H5CCC6H5+BIN 3	     4446.48    -1.95896    0.999999   0.0229538  0.00266806
C6H5CCC6H5+BIN 4	     4506.02    -1.95862    0.999999    0.023309  0.00271033
C6H5CCC6H5+BIN 5	     4585.99    -1.95818    0.999999   0.0237879  0.00276736
C6H5CCC6H5+BIN 6	     4648.45    -1.95784    0.999999   0.0241634   0.0028121
C6H5CCC6H5+BIN 7	     4679.42    -1.95767    0.999999   0.0243501  0.00283436
C6H5CCC6H5+BIN 8	     4672.82    -1.95771    0.999999   0.0243102  0.00282961
C6H5CCC6H5+BIN 9	     4624.57    -1.95797    0.999999   0.0240196  0.00279497
C6H5CCC6H5+BIN10	     4536.94    -1.95845    0.999999   0.0234939  0.00273234
C6H5CCC6H5+BIN11	      4415.1    -1.95913    0.999999   0.0227671  0.00264585
C6H5CCC6H5+BIN12	     4265.66    -1.95997    0.999999   0.0218825  0.00254071
C6H5CCC6H5+BIN13	     4095.68    -1.96093    0.999999   0.0208854  0.00242239
C6H5CCC6H5+BIN14	      3919.2    -1.96194    0.999999   0.0198604  0.00230094
C6H5CCC6H5+BIN15	     3727.66    -1.96305           1   0.0187597  0.00217077
C6H5CCC6H5+BIN16	     3533.21     -1.9642           1   0.0176549  0.00204035
C6H5CCC6H5+BIN17	     3339.92    -1.96535           1   0.0165692  0.00191245
C6H5CCC6H5+BIN18	     3150.89    -1.96651           1   0.0155197  0.00178904
C6H5CCC6H5+BIN19	     2968.35    -1.96765           1   0.0145177  0.00167144
C6H5CCC6H5+BIN20	     2793.83    -1.96876           1   0.0135703  0.00156046
C6H5CCC6H5+BIN21	     2628.24    -1.96983           1    0.012681  0.00145649
C6H5CCC6H5+BIN22	     2472.08    -1.97086           1   0.0118511  0.00135962
C6H5CCC6H5+BIN23	     2325.48    -1.97186           1   0.0110797  0.00126974
C6H5CCC6H5+BIN24	     2188.32    -1.97281           1   0.0103649  0.00118658
C13H8CH2+BIN 1	     4614.43    -1.95803    0.999999   0.0239587  0.00278771
C13H8CH2+BIN 2	     4469.41    -1.95883    0.999999   0.0230905  0.00268432
C13H8CH2+BIN 3	     4446.48    -1.95896    0.999999   0.0229538  0.00266806
C13H8CH2+BIN 4	     4506.02    -1.95862    0.999999    0.023309  0.00271033
C13H8CH2+BIN 5	     4585.99    -1.95818    0.999999   0.0237879  0.00276736
C13H8CH2+BIN 6	     4648.45    -1.95784    0.999999   0.0241634   0.0028121
C13H8CH2+BIN 7	     4679.42    -1.95767    0.999999   0.0243501  0.00283436
C13H8CH2+BIN 8	     4672.82    -1.95771    0.999999   0.0243102  0.00282961
C13H8CH2+BIN 9	     4624.57    -1.95797    0.999999   0.0240196  0.00279497
C13H8CH2+BIN10	     4536.94    -1.95845    0.999999   0.0234939  0.00273234
C13H8CH2+BIN11	      4415.1    -1.95913    0.999999   0.0227671  0.00264585
C13H8CH2+BIN12	     4265.66    -1.95997    0.999999   0.0218825  0.00254071
C13H8CH2+BIN13	     4095.68    -1.96093    0.999999   0.0208854  0.00242239
C13H8CH2+BIN14	      3919.2    -1.96194    0.999999   0.0198604  0.00230094
C13H8CH2+BIN15	     3727.66    -1.96305           1   0.0187597  0.00217077
C13H8CH2+BIN16	     3533.21     -1.9642           1   0.0176549  0.00204035
C13H8CH2+BIN17	     3339.92    -1.96535           1   0.0165692  0.00191245
C13H8CH2+BIN18	     3150.89    -1.96651           1   0.0155197  0.00178904
C13H8CH2+BIN19	     2968.35    -1.96765           1   0.0145177  0.00167144
C13H8CH2+BIN20	     2793.83    -1.96876           1   0.0135703  0.00156046
C13H8CH2+BIN21	     2628.24    -1.96983           1    0.012681  0.00145649
C13H8CH2+BIN22	     2472.08    -1.97086           1   0.0118511  0.00135962
C13H8CH2+BIN23	     2325.48    -1.97186           1   0.0110797  0.00126974
C13H8CH2+BIN24	     2188.32    -1.97281           1   0.0103649  0.00118658
C6H5C2H4C6H5+BIN 1	     4677.98    -1.95768    0.999999   0.0243414  0.00283332
C6H5C2H4C6H5+BIN 2	     4536.76    -1.95845    0.999999   0.0234928  0.00273221
C6H5C2H4C6H5+BIN 3	     4518.62    -1.95856    0.999999   0.0233843  0.00271929
C6H5C2H4C6H5+BIN 4	     4583.71     -1.9582    0.999999   0.0237742  0.00276572
C6H5C2H4C6H5+BIN 5	     4669.22    -1.95773    0.999999   0.0242886  0.00282702
C6H5C2H4C6H5+BIN 6	     4736.46    -1.95736    0.999999   0.0246947  0.00287546
C6H5C2H4C6H5+BIN 7	     4771.27    -1.95717    0.999999   0.0249056  0.00290063
C6H5C2H4C6H5+BIN 8	     4767.67    -1.95719    0.999999   0.0248838  0.00289802
C6H5C2H4C6H5+BIN 9	     4721.32    -1.95744    0.999999   0.0246032  0.00286454
C6H5C2H4C6H5+BIN10	     4634.52    -1.95792    0.999999   0.0240795   0.0028021
C6H5C2H4C6H5+BIN11	     4512.47    -1.95859    0.999999   0.0233475  0.00271492
C6H5C2H4C6H5+BIN12	     4361.93    -1.95943    0.999999   0.0224515  0.00260833
C6H5C2H4C6H5+BIN13	     4190.11    -1.96039    0.999999   0.0214381  0.00248796
C6H5C2H4C6H5+BIN14	     4011.28    -1.96141    0.999999   0.0203939  0.00236413
C6H5C2H4C6H5+BIN15	     3816.85    -1.96253    0.999999   0.0192707  0.00223118
C6H5C2H4C6H5+BIN16	     3619.19    -1.96369           1   0.0181419  0.00209781
C6H5C2H4C6H5+BIN17	     3422.48    -1.96486           1   0.0170314  0.00196687
C6H5C2H4C6H5+BIN18	     3229.92    -1.96602           1    0.015957  0.00184043
C6H5C2H4C6H5+BIN19	     3043.82    -1.96717           1   0.0149305  0.00171987
C6H5C2H4C6H5+BIN20	     2865.75     -1.9683           1   0.0139595  0.00160603
C6H5C2H4C6H5+BIN21	     2696.71    -1.96938           1   0.0130476  0.00149932
C6H5C2H4C6H5+BIN22	     2537.19    -1.97043           1   0.0121961  0.00139987
C6H5C2H4C6H5+BIN23	     2387.36    -1.97144           1   0.0114044  0.00130756
C6H5C2H4C6H5+BIN24	     2247.13     -1.9724           1   0.0106706  0.00122212
C16H10+BIN 1	     4982.72    -1.95602    0.999999   0.0261953  0.00305467
C16H10+BIN 2	     4860.99    -1.95668    0.999999   0.0254511  0.00296574
C16H10+BIN 3	      4867.2    -1.95665    0.999999   0.0254889  0.00297026
C16H10+BIN 4	     4960.25    -1.95614    0.999999   0.0260576  0.00303821
C16H10+BIN 5	     5073.76    -1.95553    0.999999   0.0267553  0.00312165
C16H10+BIN 6	     5165.23    -1.95504    0.999999   0.0273207  0.00318933
C16H10+BIN 7	     5219.72    -1.95475    0.999999   0.0276589  0.00322984
C16H10+BIN 8	     5231.72    -1.95469    0.999999   0.0277335  0.00323878
C16H10+BIN 9	     5195.64    -1.95488    0.999999   0.0275093  0.00321192
C16H10+BIN10	     5113.74    -1.95532    0.999999   0.0270021  0.00315118
C16H10+BIN11	     4991.58    -1.95597    0.999999   0.0262497  0.00306117
C16H10+BIN12	     4836.47    -1.95681    0.999999   0.0253017   0.0029479
C16H10+BIN13	     4656.32     -1.9578    0.999999   0.0242108  0.00281775
C16H10+BIN14	     4466.62    -1.95884    0.999999   0.0230738  0.00268234
C16H10+BIN15	     4258.59    -1.96001    0.999999   0.0218409  0.00253577
C16H10+BIN16	     4045.64    -1.96121    0.999999   0.0205937  0.00238781
C16H10+BIN17	     3832.54    -1.96244    0.999999   0.0193609  0.00224184
C16H10+BIN18	     3622.95    -1.96366           1   0.0181632  0.00210033
C16H10+BIN19	      3419.6    -1.96487           1   0.0170153  0.00196497
C16H10+BIN20	     3224.36    -1.96606           1   0.0159262  0.00183681
C16H10+BIN21	     3038.45    -1.96721           1   0.0149011  0.00171642
C16H10+BIN22	     2862.54    -1.96832           1    0.013942  0.00160399
C16H10+BIN23	     2696.91    -1.96938           1   0.0130487  0.00149945
C16H10+BIN24	     2541.55     -1.9704           1   0.0122192  0.00140257
C18H10+BIN 1	     5322.68     -1.9542    0.999999   0.0283005  0.00330676
C18H10+BIN 2	     5225.21    -1.95472    0.999999    0.027693  0.00323393
C18H10+BIN 3	     5261.13    -1.95453    0.999999   0.0279165  0.00326072
C18H10+BIN 4	     5387.99    -1.95386    0.999999   0.0287095  0.00335582
C18H10+BIN 5	     5535.39    -1.95308    0.999999   0.0296377  0.00346728
C18H10+BIN 6	     5656.46    -1.95245    0.999999   0.0304056   0.0035596
C18H10+BIN 7	     5735.31    -1.95203    0.999999   0.0309085  0.00362011
C18H10+BIN 8	      5767.1    -1.95187    0.999999   0.0311118  0.00364458
C18H10+BIN 9	     5744.66    -1.95198    0.999999   0.0309682   0.0036273
C18H10+BIN10	     5670.19    -1.95237    0.999999   0.0304931  0.00357012
C18H10+BIN11	      5549.6    -1.95301    0.999999   0.0297276  0.00347808
C18H10+BIN12	     5390.81    -1.95384    0.999999   0.0287272  0.00335794
C18H10+BIN13	     5202.49    -1.95484    0.999999   0.0275518  0.00321701
C18H10+BIN14	     5001.46    -1.95592    0.999999   0.0263104  0.00306843
C18H10+BIN15	     4778.82    -1.95713    0.999999   0.0249514  0.00290609
C18H10+BIN16	     4549.14    -1.95839    0.999999   0.0235669  0.00274104
C18H10+BIN17	     4317.84    -1.95967    0.999999   0.0221906  0.00257731
C18H10+BIN18	     4089.18    -1.96096    0.999999   0.0208475  0.00241789
C18H10+BIN19	     3866.34    -1.96224    0.999999   0.0195554  0.00226485
C18H10+BIN20	     3651.56     -1.9635           1   0.0183258  0.00211952
C18H10+BIN21	     3446.35    -1.96471           1   0.0171655  0.00198266
C18H10+BIN22	      3251.6    -1.96589           1   0.0160774  0.00185458
C18H10+BIN23	     3067.74    -1.96702           1   0.0150618  0.00173527
C18H10+BIN24	     2894.84    -1.96811           1   0.0141173  0.00162452
C18H14+BIN 1	     5376.89    -1.95392    0.999999   0.0286399  0.00334746
C18H14+BIN 2	     5283.52    -1.95441    0.999999   0.0280561  0.00327745
C18H14+BIN 3	     5324.42    -1.95419    0.999999   0.0283114  0.00330806
C18H14+BIN 4	     5456.92    -1.95349    0.999999   0.0291426  0.00340781
C18H14+BIN 5	     5609.97    -1.95269    0.999999   0.0301102  0.00352407
C18H14+BIN 6	     5736.01    -1.95203    0.999999   0.0309129  0.00362064
C18H14+BIN 7	     5818.97     -1.9516    0.999999   0.0314444  0.00368463
C18H14+BIN 8	     5854.15    -1.95141    0.999999   0.0316704  0.00371186
C18H14+BIN 9	     5834.09    -1.95152    0.999999   0.0315415  0.00369633
C18H14+BIN10	     5761.01     -1.9519    0.999999   0.0310728  0.00363989
C18H14+BIN11	     5640.84    -1.95253    0.999999   0.0303063  0.00354765
C18H14+BIN12	     5481.61    -1.95336    0.999999   0.0292981  0.00342649
C18H14+BIN13	     5292.09    -1.95437    0.999999   0.0281095  0.00328386
C18H14+BIN14	     5089.35    -1.95545    0.999999   0.0268514  0.00313315
C18H14+BIN15	     4864.44    -1.95666    0.999999   0.0254721  0.00296824
C18H14+BIN16	     4632.13    -1.95793    0.999999   0.0240651  0.00280039
C18H14+BIN17	     4397.95    -1.95923    0.999999   0.0226652  0.00263373
C18H14+BIN18	     4166.24    -1.96053    0.999999   0.0212982  0.00247134
C18H14+BIN19	     3940.27    -1.96182    0.999999   0.0199822  0.00231537
C18H14+BIN20	     3722.35    -1.96308           1   0.0187294  0.00216719
C18H14+BIN21	     3514.03    -1.96431           1   0.0175466  0.00202758
C18H14+BIN22	     3316.22     -1.9655           1    0.016437  0.00189689
C18H14+BIN23	     3129.39    -1.96664           1   0.0154011  0.00177511
C18H14+BIN24	     2953.64    -1.96774           1   0.0144374  0.00166203
