keyword 0 PauseOption openbracket 1 closed bracket  3
keyword 1 OutputFileName openbracket 5 closed bracket  7
keyword 2 OutputFormat openbracket 9 closed bracket  11
keyword 3 ModuleName openbracket 13 closed bracket  15
keyword 4 WriteSpeciesHeader openbracket 17 closed bracket  19
keyword 5 BINList openbracket 21 closed bracket  155
keyword 6 BINOptions openbracket 157 closed bracket  233
keyword 7 PAHMoleculeList openbracket 235 closed bracket  296
keyword 8 PAHRadicalList openbracket 298 closed bracket  359
keyword 9 SurfaceGrowthList openbracket 361 closed bracket  398
keyword 10 HFAbstractionList openbracket 400 closed bracket  434
keyword 11 HBAbstractionList openbracket 436 closed bracket  470
keyword 12 ExtraSpeciesForBIN1 openbracket 472 closed bracket  489

PAH Mol inputs are 
C6H6	6	6
C7H8	7	8
C6H5C2H	8	6
C6H5C2H3	8	8
XYLENE	8	10
C6H5C2H5	8	10
INDENE	9	8
C10H8	10	8
C10H7CH3	11	10
C12H8	12	8
BIPHENYL	12	10
FLUORENE	13	10
C6H5CH2C6H5	13	12
C14H10	14	10
C6H5CCC6H5	14	10
C13H8CH2	14	10
C6H5C2H4C6H5	14	14
C16H10	16	10
C18H10	18	10
C18H14	18	14

PAH Rad inputs are 
C6H5	6	5	0
C7H7	7	7	1
CH3C6H4	7	7	0
C6H4C2H	8	5	0
C6H5C2H2	8	7	0
RXYLENE	8	9	1
INDENYL	9	7	1
C10H7	10	7	0
C10H7CH2	11	9	1
C10H6CH3	11	9	0
C12H7	12	7	0
C12H9	12	9	0
C14H9	14	9	0
C16H9	16	9	0
C18H9	18	9	0

HBAbstractionList inputs are 
H2	0	2	0	H	0	1	0	189.5	2	2710.27
CH4	1	4	0	CH3	1	3	0	94.73	2	4854.35
H2O	0	2	1	OH	0	1	1	135.3	2	7946.24

SurfaceGrowthList inputs are 
C3H3	3	3	5e+09	0	3000	4e+08	0	19000
C4H5	4	5	5e+09	0	1000	5e+08	0	5000
C4H3	4	3	5e+09	0	3000	5e+08	0	5000
C5H5	5	5	2e+09	0	3000	4e+08	0	23000

inputBIN inputs are 
BIN1	3	20	1	1100	
BIN2	3	40	2	1100	
BIN3	3	80	3	1100	
BIN4	3	160	4	1100	
BIN5	3	320	5	1100	
BIN6	3	640	6	1137.5	
BIN7	3	1250	7	1175	
BIN8	3	2500	8	1212.5	
BIN9	3	5000	9	1250	
BIN10	3	10000	10	1287.5	
BIN11	3	20000	11	1325	
BIN12	3	40000	12	1362.5	
BIN13	3	80000	13	1400	
BIN14	3	160000	14	1437.5	
BIN15	2	320000	15	1475	
BIN16	2	640000	16	1512.5	
BIN17	2	1.28e+06	17	1550	
BIN18	2	2.56e+06	18	1587.5	
BIN19	2	5.12e+06	19	1625	
BIN20	1	1.024e+07	20	1662.5	
BIN21	1	2.048e+07	21	1700	
BIN22	1	4.096e+07	22	1737.5	
BIN23	1	8.192e+07	23	1775	
BIN24	1	1.6384e+08	24	1812.5	
BIN25	1	3.2768e+08	25	1850	
0.8	0.5	0.3	
0.8	0.4	0.2	
0.75	0.3	0.1	
0.725	0.2	0.0625	
0.7	0.2	0.05625	
0.675	0.2	0.053125	
0.6504	0.2	0.052	
0.6252	0.2	0.0504	
0.6	0.2	0.0502	
0.575	0.2	0.0501	
0.55	0.2	0.05005	
0.525	0.2	0.050025	
0.5	0.2	0.0500125	
0.475	0.2	0.0500063	
0.2	0.0500031	
0.2	0.0500016	
0.2	0.0500008	
0.2	0.0500004	
0.2	0.0500002	
0.0500001	
0.05	
0.05	
0.05	
0.05	
0.05	
Bin_name	Bin_Index 	 Bin_HtoC	Bin_nC	Bin_nH   	 Bin_MW	BIN_Density
BIN1A	1	0.8	20	16	256.348	1100
BIN1B	1	0.5	20	10	250.3	1100
BIN1C	1	0.3	20	6	246.268	1100
BIN2A	2	0.8	40	32	512.696	1100
BIN2B	2	0.4	40	16	496.568	1100
BIN2C	2	0.2	40	8	488.504	1100
BIN3A	3	0.75	80	60	1021.36	1100
BIN3B	3	0.3	80	24	985.072	1100
BIN3C	3	0.1	80	8	968.944	1100
BIN4A	4	0.725	160	116	2038.69	1100
BIN4B	4	0.2	160	32	1954.02	1100
BIN4C	4	0.0625	160	10	1931.84	1100
BIN5A	5	0.7	320	224	4069.31	1100
BIN5Aliq	5	0.7	320	224	4069.31	1100
BIN5B	5	0.2	320	64	3908.03	1100
BIN5Bliq	5	0.2	320	64	3908.03	1100
BIN5C	5	0.05625	320	18	3861.66	1100
BIN5Cliq	5	0.05625	320	18	3861.66	1100
BIN6A	6	0.675	640	432	8122.5	1137.5
BIN6Aliq	6	0.675	640	432	8122.5	1137.5
BIN6AaggI	6	0.675	640	432	8122.5	1137.5
BIN6B	6	0.2	640	128	7816.06	1137.5
BIN6Bliq	6	0.2	640	128	7816.06	1137.5
BIN6BaggI	6	0.2	640	128	7816.06	1137.5
BIN6C	6	0.053125	640	34	7721.31	1137.5
BIN6Cliq	6	0.053125	640	34	7721.31	1137.5
BIN6CaggI	6	0.053125	640	34	7721.31	1137.5
BIN7A	7	0.6504	1250	813	15833.3	1175
BIN7Aliq	7	0.6504	1250	813	15833.3	1175
BIN7AaggI	7	0.6504	1250	813	15833.3	1175
BIN7B	7	0.2	1250	250	15265.7	1175
BIN7Bliq	7	0.2	1250	250	15265.7	1175
BIN7BaggI	7	0.2	1250	250	15265.7	1175
BIN7C	7	0.052	1250	65	15079.3	1175
BIN7Cliq	7	0.052	1250	65	15079.3	1175
BIN7CaggI	7	0.052	1250	65	15079.3	1175
BIN8A	8	0.6252	2500	1563	31603	1212.5
BIN8Aliq	8	0.6252	2500	1563	31603	1212.5
BIN8AaggI	8	0.6252	2500	1563	31603	1212.5
BIN8B	8	0.2	2500	500	30531.5	1212.5
BIN8Bliq	8	0.2	2500	500	30531.5	1212.5
BIN8BaggI	8	0.2	2500	500	30531.5	1212.5
BIN8C	8	0.0504	2500	126	30154.5	1212.5
BIN8Cliq	8	0.0504	2500	126	30154.5	1212.5
BIN8CaggI	8	0.0504	2500	126	30154.5	1212.5
BIN9A	9	0.6	5000	3000	63079	1250
BIN9Aliq	9	0.6	5000	3000	63079	1250
BIN9AaggI	9	0.6	5000	3000	63079	1250
BIN9B	9	0.2	5000	1000	61063	1250
BIN9Bliq	9	0.2	5000	1000	61063	1250
BIN9BaggI	9	0.2	5000	1000	61063	1250
BIN9C	9	0.0502	5000	251	60308	1250
BIN9Cliq	9	0.0502	5000	251	60308	1250
BIN9CaggI	9	0.0502	5000	251	60308	1250
BIN10A	10	0.575	10000	5750	125906	1287.5
BIN10Aliq	10	0.575	10000	5750	125906	1287.5
BIN10AaggI	10	0.575	10000	5750	125906	1287.5
BIN10B	10	0.2	10000	2000	122126	1287.5
BIN10Bliq	10	0.2	10000	2000	122126	1287.5
BIN10BaggI	10	0.2	10000	2000	122126	1287.5
BIN10C	10	0.0501	10000	501	120615	1287.5
BIN10Cliq	10	0.0501	10000	501	120615	1287.5
BIN10CaggI	10	0.0501	10000	501	120615	1287.5
BIN11A	11	0.55	20000	11000	251308	1325
BIN11Aliq	11	0.55	20000	11000	251308	1325
BIN11AaggI	11	0.55	20000	11000	251308	1325
BIN11B	11	0.2	20000	4000	244252	1325
BIN11Bliq	11	0.2	20000	4000	244252	1325
BIN11BaggI	11	0.2	20000	4000	244252	1325
BIN11C	11	0.05005	20000	1001	241229	1325
BIN11Cliq	11	0.05005	20000	1001	241229	1325
BIN11CaggI	11	0.05005	20000	1001	241229	1325
BIN12A	12	0.525	40000	21000	501608	1362.5
BIN12Aliq	12	0.525	40000	21000	501608	1362.5
BIN12AaggI	12	0.525	40000	21000	501608	1362.5
BIN12B	12	0.2	40000	8000	488504	1362.5
BIN12Bliq	12	0.2	40000	8000	488504	1362.5
BIN12BaggI	12	0.2	40000	8000	488504	1362.5
BIN12C	12	0.050025	40000	2001	482457	1362.5
BIN12Cliq	12	0.050025	40000	2001	482457	1362.5
BIN12CaggI	12	0.050025	40000	2001	482457	1362.5
BIN13A	13	0.5	80000	40000	1.0012e+06	1400
BIN13Aliq	13	0.5	80000	40000	1.0012e+06	1400
BIN13AaggI	13	0.5	80000	40000	1.0012e+06	1400
BIN13B	13	0.2	80000	16000	977008	1400
BIN13Bliq	13	0.2	80000	16000	977008	1400
BIN13BaggI	13	0.2	80000	16000	977008	1400
BIN13C	13	0.0500125	80000	4001	964913	1400
BIN13Cliq	13	0.0500125	80000	4001	964913	1400
BIN13CaggI	13	0.0500125	80000	4001	964913	1400
BIN14A	14	0.475	160000	76000	1.99837e+06	1437.5
BIN14Aliq	14	0.475	160000	76000	1.99837e+06	1437.5
BIN14AaggI	14	0.475	160000	76000	1.99837e+06	1437.5
BIN14AaggII	14	0.475	160000	76000	1.99837e+06	1437.5
BIN14B	14	0.2	160000	32000	1.95402e+06	1437.5
BIN14Bliq	14	0.2	160000	32000	1.95402e+06	1437.5
BIN14BaggI	14	0.2	160000	32000	1.95402e+06	1437.5
BIN14BaggII	14	0.2	160000	32000	1.95402e+06	1437.5
BIN14C	14	0.0500063	160000	8001	1.92983e+06	1437.5
BIN14Cliq	14	0.0500063	160000	8001	1.92983e+06	1437.5
BIN14CaggI	14	0.0500063	160000	8001	1.92983e+06	1437.5
BIN14CaggII	14	0.0500063	160000	8001	1.92983e+06	1437.5
BIN15A	15	0.2	320000	64000	3.90803e+06	1475
BIN15Aliq	15	0.2	320000	64000	3.90803e+06	1475
BIN15AaggI	15	0.2	320000	64000	3.90803e+06	1475
BIN15AaggII	15	0.2	320000	64000	3.90803e+06	1475
BIN15B	15	0.0500031	320000	16001	3.85965e+06	1475
BIN15Bliq	15	0.0500031	320000	16001	3.85965e+06	1475
BIN15BaggI	15	0.0500031	320000	16001	3.85965e+06	1475
BIN15BaggII	15	0.0500031	320000	16001	3.85965e+06	1475
BIN16A	16	0.2	640000	128000	7.81606e+06	1512.5
BIN16Aliq	16	0.2	640000	128000	7.81606e+06	1512.5
BIN16AaggI	16	0.2	640000	128000	7.81606e+06	1512.5
BIN16AaggII	16	0.2	640000	128000	7.81606e+06	1512.5
BIN16B	16	0.0500016	640000	32001	7.7193e+06	1512.5
BIN16Bliq	16	0.0500016	640000	32001	7.7193e+06	1512.5
BIN16BaggI	16	0.0500016	640000	32001	7.7193e+06	1512.5
BIN16BaggII	16	0.0500016	640000	32001	7.7193e+06	1512.5
BIN17A	17	0.2	1.28e+06	256000	1.56321e+07	1550
BIN17Aliq	17	0.2	1.28e+06	256000	1.56321e+07	1550
BIN17AaggI	17	0.2	1.28e+06	256000	1.56321e+07	1550
BIN17AaggII	17	0.2	1.28e+06	256000	1.56321e+07	1550
BIN17B	17	0.0500008	1.28e+06	64001	1.54386e+07	1550
BIN17Bliq	17	0.0500008	1.28e+06	64001	1.54386e+07	1550
BIN17BaggI	17	0.0500008	1.28e+06	64001	1.54386e+07	1550
BIN17BaggII	17	0.0500008	1.28e+06	64001	1.54386e+07	1550
BIN18A	18	0.2	2.56e+06	512000	3.12643e+07	1587.5
BIN18Aliq	18	0.2	2.56e+06	512000	3.12643e+07	1587.5
BIN18AaggI	18	0.2	2.56e+06	512000	3.12643e+07	1587.5
BIN18AaggII	18	0.2	2.56e+06	512000	3.12643e+07	1587.5
BIN18B	18	0.0500004	2.56e+06	128001	3.08772e+07	1587.5
BIN18Bliq	18	0.0500004	2.56e+06	128001	3.08772e+07	1587.5
BIN18BaggI	18	0.0500004	2.56e+06	128001	3.08772e+07	1587.5
BIN18BaggII	18	0.0500004	2.56e+06	128001	3.08772e+07	1587.5
BIN19A	19	0.2	5.12e+06	1.024e+06	6.25285e+07	1625
BIN19Aliq	19	0.2	5.12e+06	1.024e+06	6.25285e+07	1625
BIN19AaggI	19	0.2	5.12e+06	1.024e+06	6.25285e+07	1625
BIN19AaggII	19	0.2	5.12e+06	1.024e+06	6.25285e+07	1625
BIN19B	19	0.0500002	5.12e+06	256001	6.17544e+07	1625
BIN19Bliq	19	0.0500002	5.12e+06	256001	6.17544e+07	1625
BIN19BaggI	19	0.0500002	5.12e+06	256001	6.17544e+07	1625
BIN19BaggII	19	0.0500002	5.12e+06	256001	6.17544e+07	1625
BIN20A	20	0.0500001	1.024e+07	512001	1.23509e+08	1662.5
BIN20Aliq	20	0.0500001	1.024e+07	512001	1.23509e+08	1662.5
BIN20AaggI	20	0.0500001	1.024e+07	512001	1.23509e+08	1662.5
BIN20AaggII	20	0.0500001	1.024e+07	512001	1.23509e+08	1662.5
BIN21A	21	0.05	2.048e+07	1.024e+06	2.47017e+08	1700
BIN21Aliq	21	0.05	2.048e+07	1.024e+06	2.47017e+08	1700
BIN21AaggI	21	0.05	2.048e+07	1.024e+06	2.47017e+08	1700
BIN21AaggII	21	0.05	2.048e+07	1.024e+06	2.47017e+08	1700
BIN22A	22	0.05	4.096e+07	2.048e+06	4.94035e+08	1737.5
BIN22Aliq	22	0.05	4.096e+07	2.048e+06	4.94035e+08	1737.5
BIN22AaggI	22	0.05	4.096e+07	2.048e+06	4.94035e+08	1737.5
BIN22AaggII	22	0.05	4.096e+07	2.048e+06	4.94035e+08	1737.5
BIN23AaggI	23	0.05	8.192e+07	4.096e+06	9.8807e+08	1775
BIN23AaggII	23	0.05	8.192e+07	4.096e+06	9.8807e+08	1775
BIN23AaggIII	23	0.05	8.192e+07	4.096e+06	9.8807e+08	1775
BIN24AaggI	24	0.05	1.6384e+08	8.192e+06	1.97614e+09	1812.5
BIN24AaggII	24	0.05	1.6384e+08	8.192e+06	1.97614e+09	1812.5
BIN24AaggIII	24	0.05	1.6384e+08	8.192e+06	1.97614e+09	1812.5
BIN25AaggI	25	0.05	3.2768e+08	1.6384e+07	3.95228e+09	1850
BIN25AaggII	25	0.05	3.2768e+08	1.6384e+07	3.95228e+09	1850
BIN25AaggIII	25	0.05	3.2768e+08	1.6384e+07	3.95228e+09	1850
BinJ_name	BinJ_Index 	 BinJ_HtoC	BinJ_nC	Bin_nH   	 Bin_MW	BIN_Density
BIN1AJ	1	0.75	20	15	255.34	1100
BIN1BJ	1	0.45	20	9	249.292	1100
BIN1CJ	1	0.25	20	5	245.26	1100
BIN2AJ	2	0.775	40	31	511.688	1100
BIN2BJ	2	0.375	40	15	495.56	1100
BIN2CJ	2	0.175	40	7	487.496	1100
BIN3AJ	3	0.7375	80	59	1020.35	1100
BIN3BJ	3	0.2875	80	23	984.064	1100
BIN3CJ	3	0.0875	80	7	967.936	1100
BIN4AJ	4	0.71875	160	115	2037.68	1100
BIN4BJ	4	0.19375	160	31	1953.01	1100
BIN4CJ	4	0.05625	160	9	1930.83	1100
BIN5AJ	5	0.696875	320	223	4068.3	1100
BIN5AJliq	5	0.696875	320	223	4068.3	1100
BIN5BJ	5	0.196875	320	63	3907.02	1100
BIN5BJliq	5	0.196875	320	63	3907.02	1100
BIN5CJ	5	0.053125	320	17	3860.66	1100
BIN5CJliq	5	0.053125	320	17	3860.66	1100
BIN6AJ	6	0.673438	640	431	8121.49	1137.5
BIN6AJliq	6	0.673438	640	431	8121.49	1137.5
BIN6AJaggI	6	0.673438	640	431	8121.49	1137.5
BIN6BJ	6	0.198437	640	127	7815.06	1137.5
BIN6BJliq	6	0.198437	640	127	7815.06	1137.5
BIN6BJaggI	6	0.198437	640	127	7815.06	1137.5
BIN6CJ	6	0.0515625	640	33	7720.3	1137.5
BIN6CJliq	6	0.0515625	640	33	7720.3	1137.5
BIN6CJaggI	6	0.0515625	640	33	7720.3	1137.5
BIN7AJ	7	0.6496	1250	812	15832.2	1175
BIN7AJliq	7	0.6496	1250	812	15832.2	1175
BIN7AJaggI	7	0.6496	1250	812	15832.2	1175
BIN7BJ	7	0.1992	1250	249	15264.7	1175
BIN7BJliq	7	0.1992	1250	249	15264.7	1175
BIN7BJaggI	7	0.1992	1250	249	15264.7	1175
BIN7CJ	7	0.0512	1250	64	15078.3	1175
BIN7CJliq	7	0.0512	1250	64	15078.3	1175
BIN7CJaggI	7	0.0512	1250	64	15078.3	1175
BIN8AJ	8	0.6248	2500	1562	31602	1212.5
BIN8AJliq	8	0.6248	2500	1562	31602	1212.5
BIN8AJaggI	8	0.6248	2500	1562	31602	1212.5
BIN8BJ	8	0.1996	2500	499	30530.5	1212.5
BIN8BJliq	8	0.1996	2500	499	30530.5	1212.5
BIN8BJaggI	8	0.1996	2500	499	30530.5	1212.5
BIN8CJ	8	0.05	2500	125	30153.5	1212.5
BIN8CJliq	8	0.05	2500	125	30153.5	1212.5
BIN8CJaggI	8	0.05	2500	125	30153.5	1212.5
BIN9AJ	9	0.5998	5000	2999	63078	1250
BIN9AJliq	9	0.5998	5000	2999	63078	1250
BIN9AJaggI	9	0.5998	5000	2999	63078	1250
BIN9BJ	9	0.1998	5000	999	61062	1250
BIN9BJliq	9	0.1998	5000	999	61062	1250
BIN9BJaggI	9	0.1998	5000	999	61062	1250
BIN9CJ	9	0.05	5000	250	60307	1250
BIN9CJliq	9	0.05	5000	250	60307	1250
BIN9CJaggI	9	0.05	5000	250	60307	1250
BIN10AJ	10	0.5749	10000	5749	125905	1287.5
BIN10AJliq	10	0.5749	10000	5749	125905	1287.5
BIN10AJaggI	10	0.5749	10000	5749	125905	1287.5
BIN10BJ	10	0.1999	10000	1999	122125	1287.5
BIN10BJliq	10	0.1999	10000	1999	122125	1287.5
BIN10BJaggI	10	0.1999	10000	1999	122125	1287.5
BIN10CJ	10	0.05	10000	500	120614	1287.5
BIN10CJliq	10	0.05	10000	500	120614	1287.5
BIN10CJaggI	10	0.05	10000	500	120614	1287.5
BIN11AJ	11	0.54995	20000	10999	251307	1325
BIN11AJliq	11	0.54995	20000	10999	251307	1325
BIN11AJaggI	11	0.54995	20000	10999	251307	1325
BIN11BJ	11	0.19995	20000	3999	244251	1325
BIN11BJliq	11	0.19995	20000	3999	244251	1325
BIN11BJaggI	11	0.19995	20000	3999	244251	1325
BIN11CJ	11	0.05	20000	1000	241228	1325
BIN11CJliq	11	0.05	20000	1000	241228	1325
BIN11CJaggI	11	0.05	20000	1000	241228	1325
BIN12AJ	12	0.524975	40000	20999	501607	1362.5
BIN12AJliq	12	0.524975	40000	20999	501607	1362.5
BIN12AJaggI	12	0.524975	40000	20999	501607	1362.5
BIN12BJ	12	0.199975	40000	7999	488503	1362.5
BIN12BJliq	12	0.199975	40000	7999	488503	1362.5
BIN12BJaggI	12	0.199975	40000	7999	488503	1362.5
BIN12CJ	12	0.05	40000	2000	482456	1362.5
BIN12CJliq	12	0.05	40000	2000	482456	1362.5
BIN12CJaggI	12	0.05	40000	2000	482456	1362.5
BIN13AJ	13	0.499987	80000	39999	1.0012e+06	1400
BIN13AJliq	13	0.499987	80000	39999	1.0012e+06	1400
BIN13AJaggI	13	0.499987	80000	39999	1.0012e+06	1400
BIN13BJ	13	0.199988	80000	15999	977007	1400
BIN13BJliq	13	0.199988	80000	15999	977007	1400
BIN13BJaggI	13	0.199988	80000	15999	977007	1400
BIN13CJ	13	0.05	80000	4000	964912	1400
BIN13CJliq	13	0.05	80000	4000	964912	1400
BIN13CJaggI	13	0.05	80000	4000	964912	1400
BIN14AJ	14	0.474994	160000	75999	1.99837e+06	1437.5
BIN14AJliq	14	0.474994	160000	75999	1.99837e+06	1437.5
BIN14AJaggI	14	0.474994	160000	75999	1.99837e+06	1437.5
BIN14AJaggII	14	0.474994	160000	75999	1.99837e+06	1437.5
BIN14BJ	14	0.199994	160000	31999	1.95401e+06	1437.5
BIN14BJliq	14	0.199994	160000	31999	1.95401e+06	1437.5
BIN14BJaggI	14	0.199994	160000	31999	1.95401e+06	1437.5
BIN14BJaggII	14	0.199994	160000	31999	1.95401e+06	1437.5
BIN14CJ	14	0.05	160000	8000	1.92982e+06	1437.5
BIN14CJliq	14	0.05	160000	8000	1.92982e+06	1437.5
BIN14CJaggI	14	0.05	160000	8000	1.92982e+06	1437.5
BIN14CJaggII	14	0.05	160000	8000	1.92982e+06	1437.5
BIN15AJ	15	0.199997	320000	63999	3.90803e+06	1475
BIN15AJliq	15	0.199997	320000	63999	3.90803e+06	1475
BIN15AJaggI	15	0.199997	320000	63999	3.90803e+06	1475
BIN15AJaggII	15	0.199997	320000	63999	3.90803e+06	1475
BIN15BJ	15	0.05	320000	16000	3.85965e+06	1475
BIN15BJliq	15	0.05	320000	16000	3.85965e+06	1475
BIN15BJaggI	15	0.05	320000	16000	3.85965e+06	1475
BIN15BJaggII	15	0.05	320000	16000	3.85965e+06	1475
BIN16AJ	16	0.199998	640000	127999	7.81606e+06	1512.5
BIN16AJliq	16	0.199998	640000	127999	7.81606e+06	1512.5
BIN16AJaggI	16	0.199998	640000	127999	7.81606e+06	1512.5
BIN16AJaggII	16	0.199998	640000	127999	7.81606e+06	1512.5
BIN16BJ	16	0.05	640000	32000	7.7193e+06	1512.5
BIN16BJliq	16	0.05	640000	32000	7.7193e+06	1512.5
BIN16BJaggI	16	0.05	640000	32000	7.7193e+06	1512.5
BIN16BJaggII	16	0.05	640000	32000	7.7193e+06	1512.5
BIN17AJ	17	0.199999	1.28e+06	255999	1.56321e+07	1550
BIN17AJliq	17	0.199999	1.28e+06	255999	1.56321e+07	1550
BIN17AJaggI	17	0.199999	1.28e+06	255999	1.56321e+07	1550
BIN17AJaggII	17	0.199999	1.28e+06	255999	1.56321e+07	1550
BIN17BJ	17	0.05	1.28e+06	64000	1.54386e+07	1550
BIN17BJliq	17	0.05	1.28e+06	64000	1.54386e+07	1550
BIN17BJaggI	17	0.05	1.28e+06	64000	1.54386e+07	1550
BIN17BJaggII	17	0.05	1.28e+06	64000	1.54386e+07	1550
BIN18AJ	18	0.2	2.56e+06	511999	3.12643e+07	1587.5
BIN18AJliq	18	0.2	2.56e+06	511999	3.12643e+07	1587.5
BIN18AJaggI	18	0.2	2.56e+06	511999	3.12643e+07	1587.5
BIN18AJaggII	18	0.2	2.56e+06	511999	3.12643e+07	1587.5
BIN18BJ	18	0.05	2.56e+06	128000	3.08772e+07	1587.5
BIN18BJliq	18	0.05	2.56e+06	128000	3.08772e+07	1587.5
BIN18BJaggI	18	0.05	2.56e+06	128000	3.08772e+07	1587.5
BIN18BJaggII	18	0.05	2.56e+06	128000	3.08772e+07	1587.5
BIN19AJ	19	0.2	5.12e+06	1.024e+06	6.25285e+07	1625
BIN19AJliq	19	0.2	5.12e+06	1.024e+06	6.25285e+07	1625
BIN19AJaggI	19	0.2	5.12e+06	1.024e+06	6.25285e+07	1625
BIN19AJaggII	19	0.2	5.12e+06	1.024e+06	6.25285e+07	1625
BIN19BJ	19	0.05	5.12e+06	256000	6.17544e+07	1625
BIN19BJliq	19	0.05	5.12e+06	256000	6.17544e+07	1625
BIN19BJaggI	19	0.05	5.12e+06	256000	6.17544e+07	1625
BIN19BJaggII	19	0.05	5.12e+06	256000	6.17544e+07	1625
BIN20AJ	20	0.05	1.024e+07	512000	1.23509e+08	1662.5
BIN20AJliq	20	0.05	1.024e+07	512000	1.23509e+08	1662.5
BIN20AJaggI	20	0.05	1.024e+07	512000	1.23509e+08	1662.5
BIN20AJaggII	20	0.05	1.024e+07	512000	1.23509e+08	1662.5
BIN21AJ	21	0.05	2.048e+07	1.024e+06	2.47017e+08	1700
BIN21AJliq	21	0.05	2.048e+07	1.024e+06	2.47017e+08	1700
BIN21AJaggI	21	0.05	2.048e+07	1.024e+06	2.47017e+08	1700
BIN21AJaggII	21	0.05	2.048e+07	1.024e+06	2.47017e+08	1700
BIN22AJ	22	0.05	4.096e+07	2.048e+06	4.94035e+08	1737.5
BIN22AJliq	22	0.05	4.096e+07	2.048e+06	4.94035e+08	1737.5
BIN22AJaggI	22	0.05	4.096e+07	2.048e+06	4.94035e+08	1737.5
BIN22AJaggII	22	0.05	4.096e+07	2.048e+06	4.94035e+08	1737.5
BIN23AJaggI	23	0.05	8.192e+07	4.096e+06	9.8807e+08	1775
BIN23AJaggII	23	0.05	8.192e+07	4.096e+06	9.8807e+08	1775
BIN23AJaggIII	23	0.05	8.192e+07	4.096e+06	9.8807e+08	1775
BIN24AJaggI	24	0.05	1.6384e+08	8.192e+06	1.97614e+09	1812.5
BIN24AJaggII	24	0.05	1.6384e+08	8.192e+06	1.97614e+09	1812.5
BIN24AJaggIII	24	0.05	1.6384e+08	8.192e+06	1.97614e+09	1812.5
BIN25AJaggI	25	0.05	3.2768e+08	1.6384e+07	3.95228e+09	1850
BIN25AJaggII	25	0.05	3.2768e+08	1.6384e+07	3.95228e+09	1850
BIN25AJaggIII	25	0.05	3.2768e+08	1.6384e+07	3.95228e+09	1850
