4.11595136e+00 1.75796446e+00 -4.77432647e-03 4.06397489e-02 -1.40834698e-02 -1.77990778e-01 9.52583431e-01 8.58812737e-01 -2.27616772e-01 2.52868134e-01
1.75796446e+00 4.53664291e+00 3.20779671e-03 4.90514999e-02 -3.54191818e-02 -2.09708810e-01 1.04073853e+00 9.31733909e-01 7.15290840e-01 -7.22810954e-01
-4.77432647e-03 3.20779671e-03 3.29817200e-04 6.13247409e-05 -6.27837488e-05 3.11516896e-05 2.73433383e-04 3.47210983e-04 -5.28658767e-04 7.80240282e-04
4.06397489e-02 4.90514999e-02 6.13247409e-05 1.19882294e-03 -2.89701585e-04 -3.04100003e-03 1.56628309e-02 1.41966110e-02 3.41325377e-03 -3.51701109e-03
-1.40834698e-02 -3.54191818e-02 -6.27837488e-05 -2.89701585e-04 1.55583918e-03 3.05648420e-03 -1.49839269e-02 -1.39188942e-02 -4.91657963e-03 4.99759658e-03
-1.77990778e-01 -2.09708810e-01 3.11516896e-05 -3.04100003e-03 3.05648420e-03 2.01678561e-02 -1.02548492e-01 -9.25157343e-02 -1.54084876e-02 1.52395301e-02
9.52583431e-01 1.04073853e+00 2.73433383e-04 1.56628309e-02 -1.49839269e-02 -1.02548492e-01 5.37709156e-01 4.85535892e-01 6.42336537e-02 -6.30418010e-02
8.58812737e-01 9.31733909e-01 3.47210983e-04 1.41966110e-02 -1.39188942e-02 -9.25157343e-02 4.85535892e-01 4.39038968e-01 5.38767038e-02 -5.27230745e-02
-2.27616772e-01 7.15290840e-01 -5.28658767e-04 3.41325377e-03 -4.91657963e-03 -1.54084876e-02 6.42336537e-02 5.38767038e-02 2.72484729e-01 -2.82926087e-01
2.52868134e-01 -7.22810954e-01 7.80240282e-04 -3.51701109e-03 4.99759658e-03 1.52395301e-02 -6.30418010e-02 -5.27230745e-02 -2.82926087e-01 2.95277888e-01
