8.95082299e+00 2.26045890e+00 -3.83516828e-03 7.28033132e-02 -2.16129032e-02 -4.01203519e-01 2.10460076e+00 1.91362676e+00 -2.75193500e-02 6.27107140e-02
2.26045890e+00 3.46951065e+00 4.81318739e-03 3.34870568e-02 -3.30865262e-02 -2.10626334e-01 1.00874255e+00 9.06341310e-01 7.58066568e-01 -7.62919785e-01
-3.83516828e-03 4.81318739e-03 2.97058474e-04 2.98175871e-05 9.67278698e-07 7.63628261e-05 -5.77468698e-05 -2.96000697e-05 1.04273856e-03 -7.49216131e-04
7.28033132e-02 3.34870568e-02 2.98175871e-05 1.22040394e-03 -1.27162131e-04 -4.00682848e-03 2.06180001e-02 1.87109319e-02 3.92934993e-03 -3.87277802e-03
-2.16129032e-02 -3.30865262e-02 9.67278698e-07 -1.27162131e-04 1.80379751e-03 4.68478341e-03 -2.25655782e-02 -2.07782423e-02 -7.37022056e-03 7.47402733e-03
-4.01203519e-01 -2.10626334e-01 7.63628261e-05 -4.00682848e-03 4.68478341e-03 3.65415924e-02 -1.86292356e-01 -1.69132093e-01 -2.65164913e-02 2.56102629e-02
2.10460076e+00 1.00874255e+00 -5.77468698e-05 2.06180001e-02 -2.25655782e-02 -1.86292356e-01 9.69641293e-01 8.80706031e-01 1.14961518e-01 -1.10109672e-01
1.91362676e+00 9.06341310e-01 -2.96000697e-05 1.87109319e-02 -2.07782423e-02 -1.69132093e-01 8.80706031e-01 8.00473622e-01 1.00652994e-01 -9.61936170e-02
-2.75193500e-02 7.58066568e-01 1.04273856e-03 3.92934993e-03 -7.37022056e-03 -2.65164913e-02 1.14961518e-01 1.00652994e-01 2.37841210e-01 -2.44417442e-01
6.27107140e-02 -7.62919785e-01 -7.49216131e-04 -3.87277802e-03 7.47402733e-03 2.56102629e-02 -1.10109672e-01 -9.61936170e-02 -2.44417442e-01 2.53039432e-01
