1.02436294e+01 1.97235803e+00 -2.80922062e-03 3.64818815e-02 -2.59786914e-02 -2.58831906e-01 2.39548786e+00 2.27354709e+00 -6.30720019e-01 4.82496054e-01
1.97235803e+00 5.62257316e+00 -8.41661879e-02 2.49047871e-02 4.13315960e-02 -1.15781627e-01 1.18013243e+00 1.08789520e+00 1.07655022e+00 -7.76053203e-01
-2.80922062e-03 -8.41661879e-02 1.08603602e-02 -1.89442517e-03 -7.92956374e-04 7.26734758e-04 -9.40342739e-03 -8.16537294e-03 -3.91433359e-02 2.85901162e-02
3.64818815e-02 2.49047871e-02 -1.89442517e-03 4.80449876e-03 -1.25833402e-03 -3.76851141e-03 2.44868915e-02 2.32735709e-02 -1.13965695e-03 4.21265850e-03
-2.59786914e-02 4.13315960e-02 -7.92956374e-04 -1.25833402e-03 3.59018741e-03 2.47973894e-03 -1.82628511e-02 -1.59340992e-02 1.08621907e-02 -9.13251173e-03
-2.58831906e-01 -1.15781627e-01 7.26734758e-04 -3.76851141e-03 2.47973894e-03 1.64965405e-02 -1.21778662e-01 -1.14875828e-01 4.13226163e-03 -5.45008798e-03
2.39548786e+00 1.18013243e+00 -9.40342739e-03 2.44868915e-02 -1.82628511e-02 -1.21778662e-01 1.20183246e+00 1.12405584e+00 -7.64062578e-03 2.34736816e-02
2.27354709e+00 1.08789520e+00 -8.16537294e-03 2.32735709e-02 -1.59340992e-02 -1.14875828e-01 1.12405584e+00 1.05801309e+00 -2.14896363e-02 3.32414610e-02
-6.30720019e-01 1.07655022e+00 -3.91433359e-02 -1.13965695e-03 1.08621907e-02 4.13226163e-03 -7.64062578e-03 -2.14896363e-02 5.60198775e-01 -4.18501336e-01
4.82496054e-01 -7.76053203e-01 2.85901162e-02 4.21265850e-03 -9.13251173e-03 -5.45008798e-03 2.34736816e-02 3.32414610e-02 -4.18501336e-01 3.19657728e-01
