2.16054215e+00 -1.00559820e+00 -1.89228135e-02 7.70178396e-03 -1.15742521e-02 -4.02717221e-02 3.16458063e-01 3.22024176e-01 -3.35629374e-01 2.68524018e-01
-1.00559820e+00 2.60803223e+00 6.14328518e-02 -1.09519054e-02 2.37200879e-02 4.52152577e-02 -1.37936845e-01 -1.60852276e-01 2.59438707e-01 -2.00656674e-01
-1.89228135e-02 6.14328518e-02 6.20793525e-03 -2.47616857e-04 7.94996614e-04 1.15165927e-03 -2.40281405e-03 -2.82381249e-03 -9.50814598e-03 6.90115729e-03
7.70178396e-03 -1.09519054e-02 -2.47616857e-04 2.21115240e-03 -3.07494632e-04 -1.21111324e-03 2.78323498e-03 3.24857050e-03 -3.89703284e-03 4.67734586e-03
-1.15742521e-02 2.37200879e-02 7.94996614e-04 -3.07494632e-04 1.59850403e-03 8.99722555e-04 -2.78342725e-03 -2.57480921e-03 -1.47176819e-03 4.50340301e-04
-4.02717221e-02 4.52152577e-02 1.15165927e-03 -1.21111324e-03 8.99722555e-04 3.75305386e-03 -1.28021093e-02 -1.33820137e-02 8.88313230e-03 -7.89336336e-03
3.16458063e-01 -1.37936845e-01 -2.40281405e-03 2.78323498e-03 -2.78342725e-03 -1.28021093e-02 1.11031086e-01 1.07718109e-01 -5.21566150e-02 4.22048885e-02
3.22024176e-01 -1.60852276e-01 -2.82381249e-03 3.24857050e-03 -2.57480921e-03 -1.33820137e-02 1.07718109e-01 1.09130091e-01 -5.56218159e-02 4.57481099e-02
-3.35629374e-01 2.59438707e-01 -9.50814598e-03 -3.89703284e-03 -1.47176819e-03 8.88313230e-03 -5.21566150e-02 -5.56218159e-02 1.69966799e-01 -1.29412006e-01
2.68524018e-01 -2.00656674e-01 6.90115729e-03 4.67734586e-03 4.50340301e-04 -7.89336336e-03 4.22048885e-02 4.57481099e-02 -1.29412006e-01 1.01832471e-01
