9.33058539e+00 1.25182722e+00 1.64955424e-02 3.55265206e-02 -3.18518078e-02 -2.56453737e-01 2.37818539e+00 2.26555272e+00 -8.23850315e-01 6.32081914e-01
1.25182722e+00 5.58288004e+00 2.23296258e-03 2.63278478e-02 4.70000776e-02 -9.74480146e-02 1.13450815e+00 1.03226070e+00 7.65665773e-01 -5.53254213e-01
1.64955424e-02 2.23296258e-03 7.49441680e-03 -1.39733737e-03 2.77235859e-04 -6.00341880e-04 6.43294811e-03 6.00902481e-03 -2.35401527e-02 1.75924908e-02
3.55265206e-02 2.63278478e-02 -1.39733737e-03 5.10180365e-03 -1.24648001e-03 -4.20492355e-03 2.77574596e-02 2.65357386e-02 -2.34010124e-03 5.60484967e-03
-3.18518078e-02 4.70000776e-02 2.77235859e-04 -1.24648001e-03 3.73015136e-03 2.86788563e-03 -1.89419160e-02 -1.70960329e-02 6.22173959e-03 -5.75675252e-03
-2.56453737e-01 -9.74480146e-02 -6.00341880e-04 -4.20492355e-03 2.86788563e-03 1.71482521e-02 -1.30005019e-01 -1.22918632e-01 1.44941445e-02 -1.38798206e-02
2.37818539e+00 1.13450815e+00 6.43294811e-03 2.77574596e-02 -1.89419160e-02 -1.30005019e-01 1.28912026e+00 1.20498869e+00 -9.81564611e-02 9.22171134e-02
2.26555272e+00 1.03226070e+00 6.00902481e-03 2.65357386e-02 -1.70960329e-02 -1.22918632e-01 1.20498869e+00 1.13387297e+00 -1.06089130e-01 9.80162054e-02
-8.23850315e-01 7.65665773e-01 -2.35401527e-02 -2.34010124e-03 6.22173959e-03 1.44941445e-02 -9.81564611e-02 -1.06089130e-01 4.53201789e-01 -3.42975257e-01
6.32081914e-01 -5.53254213e-01 1.75924908e-02 5.60484967e-03 -5.75675252e-03 -1.38798206e-02 9.22171134e-02 9.80162054e-02 -3.42975257e-01 2.66656482e-01
