1.19142168e+01 9.85607133e-01 8.63375477e-03 1.35577367e-01 -9.99734541e-02 -7.00567977e-01 4.92543866e+00 4.64466421e+00 3.15623581e-01 -2.37937348e-01
9.85607133e-01 9.95242536e-01 3.99305992e-02 2.29505835e-02 -2.41362779e-02 -8.52210233e-02 5.41377558e-01 5.00478517e-01 3.38424065e-01 -2.46932951e-01
8.63375477e-03 3.99305992e-02 5.49144405e-03 7.14267183e-04 -1.39953025e-03 2.17446033e-03 -1.84139003e-02 -1.93333083e-02 1.34622299e-02 -9.83562206e-03
1.35577367e-01 2.29505835e-02 7.14267183e-04 4.07931921e-03 -5.05670184e-04 -5.03950397e-03 3.94834997e-02 3.74480942e-02 7.99877744e-03 -5.77856101e-03
-9.99734541e-02 -2.41362779e-02 -1.39953025e-03 -5.05670184e-04 4.69140497e-03 1.36904015e-02 -9.16851650e-02 -8.55338212e-02 -7.31293766e-03 5.52202479e-03
-7.00567977e-01 -8.52210233e-02 2.17446033e-03 -5.03950397e-03 1.36904015e-02 1.11334329e-01 -7.71173764e-01 -7.30271763e-01 -2.31963167e-02 2.02539140e-02
4.92543866e+00 5.41377558e-01 -1.84139003e-02 3.94834997e-02 -9.16851650e-02 -7.71173764e-01 5.53487450e+00 5.24711052e+00 1.48403295e-01 -1.28684929e-01
4.64466421e+00 5.00478517e-01 -1.93333083e-02 3.74480942e-02 -8.55338212e-02 -7.30271763e-01 5.24711052e+00 4.97775857e+00 1.36532451e-01 -1.19525298e-01
3.15623581e-01 3.38424065e-01 1.34622299e-02 7.99877744e-03 -7.31293766e-03 -2.31963167e-02 1.48403295e-01 1.36532451e-01 1.24512384e-01 -9.00828350e-02
-2.37937348e-01 -2.46932951e-01 -9.83562206e-03 -5.77856101e-03 5.52202479e-03 2.02539140e-02 -1.28684929e-01 -1.19525298e-01 -9.00828350e-02 6.75584451e-02
