1.54212557e+01 1.97209192e+00 2.58412577e-04 1.18127411e-01 -9.20983818e-02 -7.55085983e-01 5.27837138e+00 4.98591171e+00 3.30615787e-01 -2.33380280e-01
1.97209192e+00 3.55472287e+00 6.65364921e-02 3.83386956e-02 -5.43328997e-02 -2.27582885e-01 1.39198796e+00 1.27960400e+00 1.05657069e+00 -7.85130732e-01
2.58412577e-04 6.65364921e-02 5.81858621e-03 4.28465730e-04 -1.69820528e-03 3.10928826e-04 -9.61497778e-03 -1.11511844e-02 1.90749552e-02 -1.44885508e-02
1.18127411e-01 3.83386956e-02 4.28465730e-04 3.60333290e-03 -3.69656932e-04 -4.36994761e-03 3.49813081e-02 3.33483781e-02 1.08634549e-02 -7.90643443e-03
-9.20983818e-02 -5.43328997e-02 -1.69820528e-03 -3.69656932e-04 5.40601314e-03 1.38801441e-02 -8.89682351e-02 -8.26025095e-02 -1.40839075e-02 1.03663043e-02
-7.55085983e-01 -2.27582885e-01 3.10928826e-04 -4.36994761e-03 1.38801441e-02 1.03712336e-01 -7.04897303e-01 -6.65553569e-01 -5.20466201e-02 4.12422465e-02
5.27837138e+00 1.39198796e+00 -9.61497778e-03 3.49813081e-02 -8.89682351e-02 -7.04897303e-01 5.05417531e+00 4.78261528e+00 3.29185268e-01 -2.59922781e-01
4.98591171e+00 1.27960400e+00 -1.11511844e-02 3.33483781e-02 -8.26025095e-02 -6.65553569e-01 4.78261528e+00 4.52921337e+00 3.00812770e-01 -2.38694409e-01
3.30615787e-01 1.05657069e+00 1.90749552e-02 1.08634549e-02 -1.40839075e-02 -5.20466201e-02 3.29185268e-01 3.00812770e-01 3.43375716e-01 -2.55010822e-01
-2.33380280e-01 -7.85130732e-01 -1.44885508e-02 -7.90643443e-03 1.03663043e-02 4.12422465e-02 -2.59922781e-01 -2.38694409e-01 -2.55010822e-01 1.92813556e-01
