1.26893773e+01 3.31342175e+00 -1.89239491e-03 8.52534158e-02 -2.21802942e-02 -4.12567479e-01 2.91990161e+00 2.76505768e+00 -6.30051425e-01 5.56440168e-01
3.31342175e+00 1.03590269e+01 1.01984363e-01 6.77088776e-02 -8.34281235e-02 -4.31579271e-01 2.47558964e+00 2.26537841e+00 2.13032721e+00 -1.64889386e+00
-1.89239491e-03 1.01984363e-01 7.04265008e-03 6.08130186e-04 -2.28603052e-03 -3.82761691e-03 1.26193629e-02 9.30733222e-03 1.68777366e-02 -1.27840690e-02
8.52534158e-02 6.77088776e-02 6.08130186e-04 4.54542572e-03 -7.58450811e-04 -3.36331602e-03 2.74013327e-02 2.60481159e-02 7.98689977e-03 -4.64464237e-03
-2.21802942e-02 -8.34281235e-02 -2.28603052e-03 -7.58450811e-04 5.72762340e-03 8.54335959e-03 -4.17547433e-02 -3.70063187e-02 -1.44254720e-02 9.96079803e-03
-4.12567479e-01 -4.31579271e-01 -3.82761691e-03 -3.36331602e-03 8.54335959e-03 5.70505610e-02 -3.44439691e-01 -3.19870879e-01 -3.89177031e-02 2.96759552e-02
2.91990161e+00 2.47558964e+00 1.26193629e-02 2.74013327e-02 -4.17547433e-02 -3.44439691e-01 2.39795921e+00 2.24305528e+00 2.15648180e-01 -1.65973135e-01
2.76505768e+00 2.26537841e+00 9.30733222e-03 2.60481159e-02 -3.70063187e-02 -3.19870879e-01 2.24305528e+00 2.10386711e+00 1.77702984e-01 -1.38541019e-01
-6.30051425e-01 2.13032721e+00 1.68777366e-02 7.98689977e-03 -1.44254720e-02 -3.89177031e-02 2.15648180e-01 1.77702984e-01 7.95053955e-01 -6.23647513e-01
5.56440168e-01 -1.64889386e+00 -1.27840690e-02 -4.64464237e-03 9.96079803e-03 2.96759552e-02 -1.65973135e-01 -1.38541019e-01 -6.23647513e-01 4.98440947e-01
